Aaron_Tippin\0\0.406.jpg,0,226,51,38,38,0.0,1
Aaron_Tippin\0\0.407.jpg,0,226,51,38,38,0.0,1
Aaron_Tippin\0\0.408.jpg,0,223,49,29,29,0.0,1
Aaron_Tippin\0\0.409.jpg,0,223,51,37,37,0.0,1
Aaron_Tippin\0\0.410.jpg,0,223,51,37,37,0.0,1
Aaron_Tippin\0\0.411.jpg,0,226,49,33,33,0.0,1
Aaron_Tippin\0\0.412.jpg,1,224,49,35,35,0.0,1
Aaron_Tippin\0\0.413.jpg,0,224,49,35,35,0.0,1
Aaron_Tippin\0\0.414.jpg,0,231,48,36,36,0.0,1
Aaron_Tippin\0\0.415.jpg,0,231,48,36,36,0.0,1
Aaron_Tippin\0\0.416.jpg,0,231,47,37,37,0.0,1
Aaron_Tippin\0\0.417.jpg,0,230,47,37,37,0.0,1
Aaron_Tippin\0\0.418.jpg,0,230,47,37,37,0.0,1
Aaron_Tippin\0\0.419.jpg,0,232,46,35,35,0.0,1
Aaron_Tippin\0\0.420.jpg,1,233,46,39,39,0.0,1
Aaron_Tippin\0\0.421.jpg,1,233,46,39,39,0.0,1
Aaron_Tippin\0\0.422.jpg,0,234,45,42,42,0.0,1
Aaron_Tippin\0\0.423.jpg,0,234,45,42,42,0.0,1
Aaron_Tippin\0\0.424.jpg,0,233,44,39,39,0.0,1
Aaron_Tippin\0\0.425.jpg,0,231,42,35,35,0.0,1
Aaron_Tippin\0\0.426.jpg,0,231,42,35,35,0.0,1
Aaron_Tippin\0\0.427.jpg,0,231,42,35,35,0.0,1
Aaron_Tippin\0\0.428.jpg,0,231,42,37,37,0.0,1
Aaron_Tippin\0\0.429.jpg,0,231,42,37,37,0.0,1
Aaron_Tippin\0\0.430.jpg,0,232,44,38,38,0.0,1
Aaron_Tippin\0\0.431.jpg,0,232,44,38,38,0.0,1
Aaron_Tippin\0\0.432.jpg,0,231,46,41,41,0.0,1
Aaron_Tippin\0\0.433.jpg,0,231,47,42,42,0.0,1
Aaron_Tippin\0\0.434.jpg,0,231,47,42,42,0.0,1
Aaron_Tippin\0\0.435.jpg,0,231,48,43,43,0.0,1
Aaron_Tippin\0\0.436.jpg,0,231,48,43,43,0.0,1
Aaron_Tippin\0\0.437.jpg,0,231,48,43,43,0.0,1
Aaron_Tippin\0\0.438.jpg,0,231,48,45,45,0.0,1
Aaron_Tippin\0\0.439.jpg,0,231,48,45,45,0.0,1
Aaron_Tippin\0\0.440.jpg,0,232,49,45,45,0.0,1
Aaron_Tippin\0\0.441.jpg,0,234,51,46,46,0.0,1
Aaron_Tippin\0\0.442.jpg,0,234,51,46,46,0.0,1
Aaron_Tippin\0\0.443.jpg,0,232,52,44,44,0.0,1
Aaron_Tippin\0\0.444.jpg,0,232,52,45,45,0.0,1
Aaron_Tippin\0\0.445.jpg,0,232,52,45,45,0.0,1
Aaron_Tippin\0\0.446.jpg,0,232,54,48,48,0.0,1
Aaron_Tippin\0\0.447.jpg,0,232,54,48,48,0.0,1
Aaron_Tippin\0\0.448.jpg,0,232,57,48,48,0.0,1
Aaron_Tippin\0\0.449.jpg,0,232,58,46,46,0.0,1
Aaron_Tippin\0\0.450.jpg,0,232,58,46,46,0.0,1
Aaron_Tippin\0\0.451.jpg,0,230,59,46,46,0.0,1
Aaron_Tippin\0\0.452.jpg,0,231,59,46,46,0.0,1
Aaron_Tippin\0\0.453.jpg,0,231,59,46,46,0.0,1
Aaron_Tippin\0\0.454.jpg,0,232,59,47,47,0.0,1
Aaron_Tippin\0\0.455.jpg,0,232,59,47,47,0.0,1
Aaron_Tippin\0\0.456.jpg,0,234,59,48,48,0.0,1
Aaron_Tippin\0\0.457.jpg,0,233,60,51,51,0.0,1
Aaron_Tippin\0\0.458.jpg,0,233,60,51,51,0.0,1
Aaron_Tippin\0\0.459.jpg,0,232,61,52,52,0.0,1
Aaron_Tippin\0\0.460.jpg,0,233,61,54,54,0.0,1
Aaron_Tippin\0\0.461.jpg,0,233,61,54,54,0.0,1
Aaron_Tippin\0\0.462.jpg,0,231,62,54,54,0.0,1
Aaron_Tippin\0\0.463.jpg,0,231,62,54,54,0.0,1
Aaron_Tippin\0\0.464.jpg,0,233,63,60,60,0.0,1
Aaron_Tippin\0\0.465.jpg,0,229,62,62,62,0.0,1
Aaron_Tippin\0\0.466.jpg,0,229,62,62,62,0.0,1
Aaron_Tippin\0\0.467.jpg,0,227,61,60,60,0.0,1
Aaron_Tippin\0\0.468.jpg,0,228,61,60,60,0.0,1
Aaron_Tippin\0\0.469.jpg,0,228,61,60,60,0.0,1
Aaron_Tippin\0\0.470.jpg,0,225,60,59,59,0.0,1
Aaron_Tippin\0\0.471.jpg,0,225,60,59,59,0.0,1
Aaron_Tippin\0\0.472.jpg,0,225,61,63,63,0.0,1
Aaron_Tippin\0\0.473.jpg,0,225,62,63,63,0.0,1
Aaron_Tippin\0\0.474.jpg,0,225,62,63,63,0.0,1
Aaron_Tippin\0\0.475.jpg,0,224,64,64,64,0.0,1
Aaron_Tippin\0\0.476.jpg,0,225,64,61,61,0.0,1
Aaron_Tippin\0\0.477.jpg,0,225,64,61,61,0.0,1
Aaron_Tippin\0\0.478.jpg,0,228,66,62,62,0.0,1
Aaron_Tippin\0\0.479.jpg,0,228,66,62,62,0.0,1
Aaron_Tippin\0\0.480.jpg,0,230,67,64,64,0.0,1
Aaron_Tippin\0\0.481.jpg,0,230,67,65,65,0.0,1
Aaron_Tippin\0\0.482.jpg,0,230,67,65,65,0.0,1
Aaron_Tippin\0\0.483.jpg,0,232,69,67,67,0.0,1
Aaron_Tippin\0\0.484.jpg,0,234,70,68,68,0.0,1
Aaron_Tippin\0\0.485.jpg,0,234,70,68,68,0.0,1
Aaron_Tippin\0\0.486.jpg,0,235,71,66,66,0.0,1
Aaron_Tippin\0\0.487.jpg,0,235,71,66,66,0.0,1
Aaron_Tippin\0\0.488.jpg,0,235,72,70,70,0.0,1
Aaron_Tippin\0\0.489.jpg,0,235,72,70,70,0.0,1
Aaron_Tippin\0\0.490.jpg,0,235,72,70,70,0.0,1
Aaron_Tippin\0\0.491.jpg,0,234,73,75,75,0.0,1
Aaron_Tippin\0\0.492.jpg,0,233,73,77,77,0.0,1
Aaron_Tippin\0\0.493.jpg,0,233,73,77,77,0.0,1
Aaron_Tippin\0\0.494.jpg,0,235,71,76,76,0.0,1
Aaron_Tippin\0\0.495.jpg,0,235,71,76,76,0.0,1
Aaron_Tippin\0\0.496.jpg,0,233,69,80,80,0.0,1
Aaron_Tippin\0\0.497.jpg,0,230,67,77,77,0.0,1
Aaron_Tippin\0\0.498.jpg,0,230,67,77,77,0.0,1
Aaron_Tippin\0\0.499.jpg,0,232,66,80,80,0.0,1
Aaron_Tippin\0\0.500.jpg,0,232,67,80,80,0.0,1
Aaron_Tippin\0\0.501.jpg,0,232,67,80,80,0.0,1
Aaron_Tippin\0\0.502.jpg,0,231,68,85,85,0.0,1
Aaron_Tippin\0\0.503.jpg,0,231,68,85,85,0.0,1
Aaron_Tippin\0\0.504.jpg,0,229,69,91,91,0.0,1
Aaron_Tippin\0\0.505.jpg,0,227,70,89,89,0.0,1
Aaron_Tippin\0\0.506.jpg,0,227,70,89,89,0.0,1
Aaron_Tippin\0\0.507.jpg,0,228,71,92,92,0.0,1
Aaron_Tippin\0\0.508.jpg,0,228,71,92,92,0.0,1
Aaron_Tippin\0\0.509.jpg,0,226,72,92,92,0.0,1
Aaron_Tippin\0\0.510.jpg,0,227,72,96,96,0.0,1
Aaron_Tippin\0\0.511.jpg,0,227,72,96,96,0.0,1
Aaron_Tippin\0\0.512.jpg,0,226,72,96,96,0.0,1
Aaron_Tippin\0\0.513.jpg,0,227,73,97,97,0.0,1
Aaron_Tippin\0\0.514.jpg,0,227,73,97,97,0.0,1
Aaron_Tippin\0\0.515.jpg,0,225,73,100,100,0.0,1
Aaron_Tippin\0\0.516.jpg,0,225,73,100,100,0.0,1
Aaron_Tippin\0\0.517.jpg,0,225,75,100,100,0.0,1
Aaron_Tippin\0\0.518.jpg,0,226,76,102,102,0.0,1
Aaron_Tippin\0\0.519.jpg,0,226,76,102,102,0.0,1
Aaron_Tippin\0\0.520.jpg,0,231,74,103,103,0.0,1
Aaron_Tippin\0\0.521.jpg,0,232,72,117,117,0.0,1
Aaron_Tippin\0\0.522.jpg,0,232,72,117,117,0.0,1
Aaron_Tippin\0\0.523.jpg,0,229,74,110,110,0.0,1
Aaron_Tippin\0\0.524.jpg,0,229,74,110,110,0.0,1
Aaron_Tippin\1\1.1595.jpg,0,272,155,153,153,0.0,1
Aaron_Tippin\1\1.1596.jpg,0,272,153,145,145,0.0,1
Aaron_Tippin\1\1.1597.jpg,0,272,153,139,139,0.0,1
Aaron_Tippin\1\1.1598.jpg,0,272,152,134,134,0.0,1
Aaron_Tippin\1\1.1599.jpg,0,272,154,147,147,0.0,1
Aaron_Tippin\1\1.1600.jpg,0,273,156,139,139,0.0,1
Aaron_Tippin\1\1.1601.jpg,0,272,156,139,139,0.0,1
Aaron_Tippin\1\1.1602.jpg,0,273,155,133,133,0.0,1
Aaron_Tippin\1\1.1603.jpg,0,270,156,133,133,0.0,1
Aaron_Tippin\1\1.1604.jpg,0,269,158,134,134,0.0,1
Aaron_Tippin\1\1.1605.jpg,0,267,158,137,137,0.0,1
Aaron_Tippin\1\1.1606.jpg,0,269,160,142,142,0.0,1
Aaron_Tippin\1\1.1607.jpg,0,268,161,142,142,0.0,1
Aaron_Tippin\1\1.1608.jpg,1,266,161,134,134,0.0,1
Aaron_Tippin\1\1.1609.jpg,1,266,161,135,135,0.0,1
Aaron_Tippin\1\1.1610.jpg,0,265,163,135,135,0.0,1
Aaron_Tippin\1\1.1611.jpg,0,265,162,137,137,0.0,1
Aaron_Tippin\1\1.1612.jpg,0,264,164,138,138,0.0,1
Aaron_Tippin\1\1.1613.jpg,0,264,163,137,137,0.0,1
Aaron_Tippin\1\1.1614.jpg,0,265,165,138,138,0.0,1
Aaron_Tippin\1\1.1615.jpg,0,266,165,140,140,0.0,1
Aaron_Tippin\1\1.1616.jpg,0,266,165,140,140,0.0,1
Aaron_Tippin\1\1.1617.jpg,0,264,165,139,139,0.0,1
Aaron_Tippin\1\1.1618.jpg,0,263,167,143,143,0.0,1
Aaron_Tippin\1\1.1619.jpg,0,258,168,148,148,0.0,1
Aaron_Tippin\1\1.1620.jpg,0,257,168,144,144,0.0,1
Aaron_Tippin\1\1.1621.jpg,0,256,168,144,144,0.0,1
Aaron_Tippin\1\1.1622.jpg,0,256,169,146,146,0.0,1
Aaron_Tippin\1\1.1623.jpg,0,252,164,137,137,0.0,1
Aaron_Tippin\1\1.1624.jpg,0,251,161,142,142,0.0,1
Aaron_Tippin\1\1.1625.jpg,0,252,162,144,144,0.0,1
Aaron_Tippin\1\1.1626.jpg,0,249,158,143,143,0.0,1
Aaron_Tippin\1\1.1627.jpg,0,248,153,139,139,0.0,1
Aaron_Tippin\1\1.1628.jpg,0,249,151,141,141,0.0,1
Aaron_Tippin\1\1.1629.jpg,0,248,152,140,140,0.0,1
Aaron_Tippin\1\1.1630.jpg,0,249,151,138,138,0.0,1
Aaron_Tippin\1\1.1631.jpg,0,249,150,140,140,0.0,1
Aaron_Tippin\1\1.1632.jpg,0,248,150,139,139,0.0,1
Aaron_Tippin\1\1.1633.jpg,0,248,150,140,140,0.0,1
Aaron_Tippin\1\1.1634.jpg,0,249,152,144,144,0.0,1
Aaron_Tippin\1\1.1635.jpg,0,248,153,145,145,0.0,1
Aaron_Tippin\1\1.1636.jpg,0,248,152,149,149,0.0,1
Aaron_Tippin\1\1.1637.jpg,0,250,153,148,148,0.0,1
Aaron_Tippin\1\1.1638.jpg,0,249,153,147,147,0.0,1
Aaron_Tippin\1\1.1639.jpg,0,248,153,143,143,0.0,1
Aaron_Tippin\1\1.1640.jpg,0,248,154,144,144,0.0,1
Aaron_Tippin\1\1.1641.jpg,0,247,153,141,141,0.0,1
Aaron_Tippin\1\1.1642.jpg,0,247,153,143,143,0.0,1
Aaron_Tippin\1\1.1643.jpg,0,245,154,147,147,0.0,1
Aaron_Tippin\1\1.1644.jpg,0,242,153,149,149,0.0,1
Aaron_Tippin\1\1.1645.jpg,0,242,154,150,150,0.0,1
Aaron_Tippin\1\1.1646.jpg,0,239,154,148,148,0.0,1
Aaron_Tippin\1\1.1647.jpg,0,235,153,152,152,0.0,1
Aaron_Tippin\1\1.1648.jpg,0,232,153,148,148,0.0,1
Aaron_Tippin\1\1.1649.jpg,0,231,153,147,147,0.0,1
Aaron_Tippin\1\1.1650.jpg,0,229,153,154,154,0.0,1
Aaron_Tippin\1\1.1651.jpg,0,226,150,147,147,0.0,1
Aaron_Tippin\1\1.1652.jpg,0,224,148,149,149,0.0,1
Aaron_Tippin\1\1.1653.jpg,0,223,148,149,149,0.0,1
Aaron_Tippin\1\1.1654.jpg,0,223,149,152,152,0.0,1
Aaron_Tippin\1\1.1655.jpg,0,219,149,156,156,0.0,1
Aaron_Tippin\1\1.1656.jpg,0,217,148,158,158,0.0,1
Aaron_Tippin\1\1.1657.jpg,0,218,147,157,157,0.0,1
Aaron_Tippin\1\1.1658.jpg,0,217,146,154,154,0.0,1
Aaron_Tippin\1\1.1659.jpg,0,211,144,165,165,0.0,1
Aaron_Tippin\1\1.1660.jpg,0,212,143,159,159,0.0,1
Aaron_Tippin\1\1.1661.jpg,0,212,143,159,159,0.0,1
Aaron_Tippin\1\1.1662.jpg,0,213,143,161,161,0.0,1
Aaron_Tippin\1\1.1663.jpg,0,210,141,159,159,0.0,1
Aaron_Tippin\1\1.1664.jpg,0,208,141,169,169,0.0,1
Aaron_Tippin\1\1.1665.jpg,0,209,141,169,169,0.0,1
Aaron_Tippin\1\1.1666.jpg,0,207,140,161,161,0.0,1
Aaron_Tippin\1\1.1667.jpg,0,205,138,161,161,0.0,1
Aaron_Tippin\1\1.1668.jpg,0,205,139,158,158,0.0,1
Aaron_Tippin\1\1.1669.jpg,0,206,139,162,162,0.0,1
Aaron_Tippin\1\1.1670.jpg,0,203,137,154,154,0.0,1
Aaron_Tippin\1\1.1671.jpg,0,207,135,164,164,0.0,1
Aaron_Tippin\1\1.1672.jpg,0,208,135,161,161,0.0,1
Aaron_Tippin\1\1.1673.jpg,0,209,135,163,163,0.0,1
Aaron_Tippin\1\1.1674.jpg,0,208,136,167,167,0.0,1
Aaron_Tippin\1\1.1675.jpg,0,208,136,163,163,0.0,1
Aaron_Tippin\1\1.1676.jpg,0,208,136,171,171,0.0,1
Aaron_Tippin\1\1.1677.jpg,0,211,138,174,174,0.0,1
