Abba_Eban\0\0.71.jpg,0,218,146,175,175,0.0,1
Abba_Eban\0\0.72.jpg,0,217,147,175,175,0.0,1
Abba_Eban\0\0.73.jpg,0,216,146,173,173,0.0,1
Abba_Eban\0\0.74.jpg,0,217,147,173,173,0.0,1
Abba_Eban\0\0.75.jpg,0,216,147,175,175,0.0,1
Abba_Eban\0\0.76.jpg,0,216,146,175,175,0.0,1
Abba_Eban\0\0.77.jpg,0,216,146,175,175,0.0,1
Abba_Eban\0\0.78.jpg,0,217,147,174,174,0.0,1
Abba_Eban\0\0.79.jpg,0,218,147,172,172,0.0,1
Abba_Eban\0\0.80.jpg,0,218,146,174,174,0.0,1
Abba_Eban\0\0.81.jpg,0,217,147,172,172,0.0,1
Abba_Eban\0\0.82.jpg,0,216,147,172,172,0.0,1
Abba_Eban\0\0.83.jpg,0,216,147,175,175,0.0,1
Abba_Eban\0\0.84.jpg,0,217,147,171,171,0.0,1
Abba_Eban\0\0.85.jpg,0,217,146,173,173,0.0,1
Abba_Eban\0\0.86.jpg,0,217,146,176,176,0.0,1
Abba_Eban\0\0.87.jpg,0,217,146,176,176,0.0,1
Abba_Eban\0\0.88.jpg,0,215,146,177,177,0.0,1
Abba_Eban\0\0.89.jpg,0,217,145,177,177,0.0,1
Abba_Eban\0\0.90.jpg,0,214,145,179,179,0.0,1
Abba_Eban\0\0.91.jpg,0,215,146,178,178,0.0,1
Abba_Eban\0\0.92.jpg,0,217,146,176,176,0.0,1
Abba_Eban\0\0.93.jpg,0,216,146,176,176,0.0,1
Abba_Eban\0\0.94.jpg,0,213,146,176,176,0.0,1
Abba_Eban\0\0.95.jpg,0,215,147,178,178,0.0,1
Abba_Eban\0\0.96.jpg,0,215,147,178,178,0.0,1
Abba_Eban\0\0.97.jpg,0,214,146,177,177,0.0,1
Abba_Eban\0\0.98.jpg,0,213,145,175,175,0.0,1
Abba_Eban\0\0.99.jpg,0,213,145,174,174,0.0,1
Abba_Eban\0\0.100.jpg,0,212,145,175,175,0.0,1
Abba_Eban\0\0.101.jpg,0,212,145,175,175,0.0,1
Abba_Eban\0\0.102.jpg,0,213,145,175,175,0.0,1
Abba_Eban\0\0.103.jpg,0,213,145,176,176,0.0,1
Abba_Eban\0\0.104.jpg,0,213,146,175,175,0.0,1
Abba_Eban\0\0.105.jpg,0,213,146,173,173,0.0,1
Abba_Eban\0\0.106.jpg,0,213,146,176,176,0.0,1
Abba_Eban\0\0.107.jpg,0,212,145,175,175,0.0,1
Abba_Eban\0\0.108.jpg,0,216,145,170,170,0.0,1
Abba_Eban\0\0.109.jpg,0,216,145,171,171,0.0,1
Abba_Eban\0\0.110.jpg,0,218,146,172,172,0.0,1
Abba_Eban\0\0.111.jpg,0,219,145,170,170,0.0,1
Abba_Eban\0\0.112.jpg,0,217,146,171,171,0.0,1
Abba_Eban\0\0.113.jpg,0,218,146,173,173,0.0,1
Abba_Eban\0\0.114.jpg,0,218,147,171,171,0.0,1
Abba_Eban\0\0.115.jpg,0,219,148,172,172,0.0,1
Abba_Eban\0\0.116.jpg,0,220,147,172,172,0.0,1
Abba_Eban\0\0.117.jpg,0,219,147,172,172,0.0,1
Abba_Eban\0\0.118.jpg,0,219,147,174,174,0.0,1
Abba_Eban\0\0.119.jpg,1,226,146,160,160,0.0,1
Abba_Eban\5\5.4.jpg,0,143,89,134,134,0.0,1
Abba_Eban\5\5.5.jpg,0,143,89,134,134,0.0,1
Abba_Eban\5\5.6.jpg,0,142,89,134,134,0.0,1
Abba_Eban\5\5.7.jpg,0,144,86,125,125,0.0,1
Abba_Eban\5\5.8.jpg,0,145,86,124,124,0.0,1
Abba_Eban\5\5.9.jpg,0,147,85,122,122,0.0,1
Abba_Eban\5\5.10.jpg,0,143,89,137,137,0.0,1
Abba_Eban\5\5.11.jpg,0,142,88,137,137,0.0,1
Abba_Eban\5\5.12.jpg,0,141,88,138,138,0.0,1
Abba_Eban\5\5.13.jpg,0,142,88,137,137,0.0,1
Abba_Eban\5\5.14.jpg,0,140,89,137,137,0.0,1
Abba_Eban\5\5.15.jpg,0,140,88,138,138,0.0,1
Abba_Eban\5\5.16.jpg,0,140,90,138,138,0.0,1
Abba_Eban\5\5.17.jpg,0,140,88,137,137,0.0,1
Abba_Eban\5\5.18.jpg,0,140,89,138,138,0.0,1
Abba_Eban\5\5.19.jpg,0,140,88,139,139,0.0,1
Abba_Eban\5\5.20.jpg,0,140,90,136,136,0.0,1
Abba_Eban\5\5.21.jpg,0,140,88,139,139,0.0,1
Abba_Eban\5\5.22.jpg,0,141,89,142,142,0.0,1
Abba_Eban\5\5.23.jpg,0,142,89,138,138,0.0,1
Abba_Eban\5\5.24.jpg,0,139,88,139,139,0.0,1
Abba_Eban\5\5.25.jpg,0,139,88,139,139,0.0,1
Abba_Eban\5\5.26.jpg,0,142,88,136,136,0.0,1
Abba_Eban\5\5.27.jpg,0,142,88,136,136,0.0,1
Abba_Eban\5\5.28.jpg,0,141,87,141,141,0.0,1
Abba_Eban\5\5.29.jpg,0,146,85,123,123,0.0,1
Abba_Eban\5\5.30.jpg,0,147,85,123,123,0.0,1
Abba_Eban\5\5.31.jpg,0,147,85,120,120,0.0,1
Abba_Eban\5\5.32.jpg,0,147,84,119,119,0.0,1
Abba_Eban\5\5.33.jpg,0,151,84,108,108,0.0,1
Abba_Eban\5\5.34.jpg,0,147,86,120,120,0.0,1
Abba_Eban\5\5.35.jpg,0,143,89,134,134,0.0,1
Abba_Eban\5\5.36.jpg,0,143,90,134,134,0.0,1
Abba_Eban\5\5.37.jpg,0,142,90,134,134,0.0,1
Abba_Eban\5\5.38.jpg,0,141,90,132,132,0.0,1
Abba_Eban\5\5.39.jpg,0,141,90,134,134,0.0,1
Abba_Eban\5\5.40.jpg,0,144,90,134,134,0.0,1
Abba_Eban\5\5.41.jpg,0,144,90,134,134,0.0,1
Abba_Eban\5\5.42.jpg,0,145,89,135,135,0.0,1
Abba_Eban\5\5.43.jpg,0,145,89,136,136,0.0,1
Abba_Eban\5\5.44.jpg,0,145,89,137,137,0.0,1
Abba_Eban\5\5.45.jpg,0,142,89,136,136,0.0,1
Abba_Eban\5\5.46.jpg,0,148,86,121,121,0.0,1
Abba_Eban\5\5.47.jpg,0,143,89,135,135,0.0,1
Abba_Eban\5\5.48.jpg,0,142,89,136,136,0.0,1
Abba_Eban\5\5.49.jpg,0,142,89,136,136,0.0,1
Abba_Eban\5\5.50.jpg,0,142,90,135,135,0.0,1
Abba_Eban\5\5.51.jpg,0,144,89,135,135,0.0,1
Abba_Eban\5\5.52.jpg,0,144,90,134,134,0.0,1
Abba_Eban\5\5.53.jpg,0,144,89,134,134,0.0,1
Abba_Eban\5\5.54.jpg,0,144,90,133,133,0.0,1
Abba_Eban\5\5.55.jpg,0,142,89,137,137,0.0,1
Abba_Eban\5\5.56.jpg,0,144,90,134,134,0.0,1
Abba_Eban\5\5.57.jpg,0,144,90,136,136,0.0,1
Abba_Eban\5\5.58.jpg,0,143,90,136,136,0.0,1
Abba_Eban\5\5.59.jpg,0,143,89,139,139,0.0,1
Abba_Eban\5\5.60.jpg,0,143,90,142,142,0.0,1
Abba_Eban\5\5.61.jpg,0,144,91,139,139,0.0,1
Abba_Eban\5\5.62.jpg,0,142,91,137,137,0.0,1
Abba_Eban\5\5.63.jpg,0,142,89,138,138,0.0,1
Abba_Eban\5\5.64.jpg,0,142,89,138,138,0.0,1
Abba_Eban\5\5.65.jpg,0,142,89,139,139,0.0,1
Abba_Eban\5\5.66.jpg,0,142,89,139,139,0.0,1
Abba_Eban\5\5.67.jpg,0,144,90,140,140,0.0,1
Abba_Eban\5\5.68.jpg,0,145,90,140,140,0.0,1
Abba_Eban\5\5.69.jpg,0,144,90,138,138,0.0,1
Abba_Eban\5\5.70.jpg,0,145,90,140,140,0.0,1
Abba_Eban\5\5.71.jpg,0,145,90,140,140,0.0,1
Abba_Eban\5\5.72.jpg,0,144,89,141,141,0.0,1
Abba_Eban\5\5.73.jpg,0,144,89,138,138,0.0,1
Abba_Eban\5\5.74.jpg,0,145,90,140,140,0.0,1
Abba_Eban\5\5.75.jpg,0,145,90,139,139,0.0,1
Abba_Eban\5\5.76.jpg,0,151,87,123,123,0.0,1
Abba_Eban\5\5.77.jpg,0,151,88,122,122,0.0,1
Abba_Eban\5\5.78.jpg,0,145,90,139,139,0.0,1
Abba_Eban\5\5.79.jpg,0,145,90,139,139,0.0,1
Abba_Eban\5\5.80.jpg,0,145,90,138,138,0.0,1
Abba_Eban\5\5.81.jpg,0,145,89,139,139,0.0,1
Abba_Eban\5\5.82.jpg,0,145,90,136,136,0.0,1
Abba_Eban\5\5.83.jpg,0,149,88,122,122,0.0,1
Abba_Eban\5\5.84.jpg,0,144,89,138,138,0.0,1
Abba_Eban\5\5.85.jpg,0,142,88,137,137,0.0,1
Abba_Eban\5\5.86.jpg,0,144,88,140,140,0.0,1
Abba_Eban\5\5.87.jpg,0,143,89,136,136,0.0,1
Abba_Eban\5\5.88.jpg,0,149,85,125,125,0.0,1
Abba_Eban\5\5.89.jpg,0,145,87,143,143,0.0,1
Abba_Eban\5\5.90.jpg,0,148,85,125,125,0.0,1
Abba_Eban\5\5.91.jpg,0,143,87,139,139,0.0,1
Abba_Eban\5\5.92.jpg,0,144,87,140,140,0.0,1
Abba_Eban\5\5.93.jpg,0,144,87,140,140,0.0,1
Abba_Eban\5\5.94.jpg,0,145,88,142,142,0.0,1
Abba_Eban\5\5.95.jpg,0,145,90,144,144,0.0,1
Abba_Eban\5\5.96.jpg,0,145,89,141,141,0.0,1
Abba_Eban\5\5.97.jpg,0,143,93,138,138,0.0,1
Abba_Eban\5\5.98.jpg,0,143,93,138,138,0.0,1
Abba_Eban\5\5.99.jpg,1,139,92,139,139,0.0,1
Abba_Eban\5\5.100.jpg,0,141,92,138,138,0.0,1
Abba_Eban\5\5.101.jpg,0,141,91,137,137,0.0,1
Abba_Eban\5\5.102.jpg,0,141,93,139,139,0.0,1
Abba_Eban\5\5.103.jpg,1,142,93,139,139,0.0,1
Abba_Eban\5\5.104.jpg,1,145,93,140,140,0.0,1
Abba_Eban\5\5.105.jpg,0,145,93,140,140,0.0,1
Abba_Eban\5\5.106.jpg,0,140,93,135,135,0.0,1
Abba_Eban\5\5.107.jpg,0,141,91,137,137,0.0,1
Abba_Eban\5\5.108.jpg,0,144,92,138,138,0.0,1
Abba_Eban\5\5.109.jpg,0,144,92,138,138,0.0,1
Abba_Eban\5\5.110.jpg,0,142,91,137,137,0.0,1
Abba_Eban\5\5.111.jpg,0,142,91,136,136,0.0,1
Abba_Eban\5\5.112.jpg,0,143,91,137,137,0.0,1
Abba_Eban\5\5.113.jpg,0,143,91,137,137,0.0,1
Abba_Eban\5\5.114.jpg,0,144,91,139,139,0.0,1
Abba_Eban\5\5.115.jpg,0,144,91,139,139,0.0,1
Abba_Eban\5\5.116.jpg,0,144,90,141,141,0.0,1
Abba_Eban\5\5.117.jpg,1,143,91,145,145,0.0,1
Abba_Eban\5\5.118.jpg,0,144,90,142,142,0.0,1
Abba_Eban\5\5.119.jpg,0,144,90,141,141,0.0,1
Abba_Eban\5\5.120.jpg,0,146,90,140,140,0.0,1
Abba_Eban\5\5.121.jpg,0,144,91,139,139,0.0,1
Abba_Eban\5\5.122.jpg,0,150,86,114,114,0.0,1
Abba_Eban\5\5.123.jpg,0,157,84,90,90,0.0,1
Abba_Eban\5\5.124.jpg,1,157,83,87,87,0.0,1
Abba_Eban\5\5.150.jpg,0,153,88,110,110,0.0,1
Abba_Eban\5\5.151.jpg,0,156,90,108,108,0.0,1
Abba_Eban\5\5.152.jpg,0,156,92,106,106,0.0,1
Abba_Eban\5\5.153.jpg,0,158,93,106,106,0.0,1
Abba_Eban\5\5.154.jpg,0,158,92,102,102,0.0,1
Abba_Eban\5\5.155.jpg,0,157,93,106,106,0.0,1
Abba_Eban\5\5.156.jpg,0,158,92,105,105,0.0,1
Abba_Eban\5\5.157.jpg,0,157,92,108,108,0.0,1
Abba_Eban\5\5.158.jpg,0,162,91,91,91,0.0,1
Abba_Eban\5\5.159.jpg,0,159,91,106,106,0.0,1
Abba_Eban\5\5.160.jpg,0,163,90,94,94,0.0,1
Abba_Eban\5\5.161.jpg,0,161,90,98,98,0.0,1
Abba_Eban\5\5.162.jpg,0,158,90,111,111,0.0,1
Abba_Eban\5\5.163.jpg,0,156,90,114,114,0.0,1
Abba_Eban\5\5.164.jpg,0,156,89,109,109,0.0,1
Abba_Eban\5\5.165.jpg,0,156,91,115,115,0.0,1
Abba_Eban\5\5.166.jpg,0,147,92,139,139,0.0,1
Abba_Eban\5\5.167.jpg,0,146,93,134,134,0.0,1
Abba_Eban\5\5.168.jpg,0,154,88,109,109,0.0,1
Abba_Eban\5\5.169.jpg,0,157,87,102,102,0.0,1
Abba_Eban\5\5.170.jpg,0,155,86,103,103,0.0,1
Abba_Eban\5\5.171.jpg,0,159,84,93,93,0.0,1
Abba_Eban\5\5.172.jpg,0,153,86,115,115,0.0,1
Abba_Eban\5\5.173.jpg,0,154,86,110,110,0.0,1
Abba_Eban\5\5.174.jpg,0,155,85,109,109,0.0,1
Abba_Eban\5\5.175.jpg,0,156,86,110,110,0.0,1
Abba_Eban\5\5.176.jpg,0,154,85,112,112,0.0,1
Abba_Eban\5\5.177.jpg,0,155,86,112,112,0.0,1
Abba_Eban\5\5.178.jpg,0,155,85,109,109,0.0,1
Abba_Eban\5\5.179.jpg,0,154,85,113,113,0.0,1
Abba_Eban\5\5.180.jpg,0,152,86,115,115,0.0,1
Abba_Eban\5\5.181.jpg,0,153,86,112,112,0.0,1
Abba_Eban\5\5.182.jpg,0,155,86,110,110,0.0,1
Abba_Eban\5\5.183.jpg,0,161,84,85,85,0.0,1
Abba_Eban\5\5.184.jpg,0,155,85,106,106,0.0,1
Abba_Eban\5\5.185.jpg,0,155,86,106,106,0.0,1
Abba_Eban\5\5.186.jpg,0,161,84,86,86,0.0,1
Abba_Eban\5\5.187.jpg,0,153,86,107,107,0.0,1
Abba_Eban\5\5.188.jpg,0,155,86,106,106,0.0,1
Abba_Eban\5\5.189.jpg,0,153,86,112,112,0.0,1
Abba_Eban\5\5.190.jpg,0,153,85,105,105,0.0,1
Abba_Eban\5\5.191.jpg,0,154,85,102,102,0.0,1
Abba_Eban\5\5.192.jpg,0,154,85,104,104,0.0,1
Abba_Eban\5\5.193.jpg,0,155,85,103,103,0.0,1
Abba_Eban\5\5.194.jpg,0,151,86,107,107,0.0,1
Abba_Eban\5\5.195.jpg,0,153,85,99,99,0.0,1
Abba_Eban\5\5.196.jpg,0,159,83,81,81,0.0,1
Abba_Eban\5\5.197.jpg,0,160,82,82,82,0.0,1
Abba_Eban\5\5.198.jpg,0,161,82,82,82,0.0,1
Abba_Eban\5\5.199.jpg,0,163,82,82,82,0.0,1
Abba_Eban\5\5.200.jpg,0,159,83,83,83,0.0,1
Abba_Eban\5\5.201.jpg,0,160,83,84,84,0.0,1
Abba_Eban\5\5.202.jpg,0,162,82,84,84,0.0,1
Abba_Eban\5\5.485.jpg,0,151,94,116,116,0.0,1
Abba_Eban\5\5.486.jpg,0,145,96,125,125,0.0,1
Abba_Eban\5\5.487.jpg,0,137,98,138,138,0.0,1
Abba_Eban\5\5.488.jpg,1,136,97,139,139,0.0,1
Abba_Eban\5\5.489.jpg,1,137,97,144,144,0.0,1
Abba_Eban\5\5.490.jpg,0,146,95,126,126,0.0,1
Abba_Eban\5\5.491.jpg,0,146,94,123,123,0.0,1
Abba_Eban\5\5.492.jpg,0,146,94,125,125,0.0,1
Abba_Eban\5\5.493.jpg,1,139,96,153,153,0.0,1
Abba_Eban\5\5.494.jpg,0,142,97,146,146,0.0,1
Abba_Eban\5\5.495.jpg,0,144,97,128,128,0.0,1
Abba_Eban\5\5.496.jpg,0,137,99,141,141,0.0,1
Abba_Eban\5\5.497.jpg,0,136,99,133,133,0.0,1
Abba_Eban\5\5.498.jpg,0,144,97,122,122,0.0,1
Abba_Eban\5\5.499.jpg,0,144,96,119,119,0.0,1
Abba_Eban\5\5.500.jpg,0,146,97,120,120,0.0,1
Abba_Eban\5\5.501.jpg,0,145,96,121,121,0.0,1
Abba_Eban\5\5.502.jpg,0,146,94,119,119,0.0,1
Abba_Eban\5\5.503.jpg,0,146,96,120,120,0.0,1
Abba_Eban\5\5.504.jpg,0,145,95,117,117,0.0,1
Abba_Eban\5\5.505.jpg,0,144,95,125,125,0.0,1
Abba_Eban\5\5.506.jpg,0,142,95,124,124,0.0,1
Abba_Eban\5\5.507.jpg,0,140,94,125,125,0.0,1
Abba_Eban\5\5.508.jpg,0,141,95,127,127,0.0,1
Abba_Eban\5\5.509.jpg,0,145,95,118,118,0.0,1
Abba_Eban\5\5.510.jpg,0,142,96,126,126,0.0,1
Abba_Eban\5\5.511.jpg,0,144,95,122,122,0.0,1
Abba_Eban\5\5.512.jpg,0,142,96,125,125,0.0,1
Abba_Eban\5\5.513.jpg,0,144,94,123,123,0.0,1
Abba_Eban\5\5.514.jpg,0,143,93,117,117,0.0,1
Abba_Eban\5\5.515.jpg,0,143,93,117,117,0.0,1
Abba_Eban\5\5.516.jpg,0,145,94,118,118,0.0,1
Abba_Eban\5\5.517.jpg,0,143,94,121,121,0.0,1
Abba_Eban\5\5.518.jpg,0,142,94,115,115,0.0,1
Abba_Eban\5\5.519.jpg,0,140,95,120,120,0.0,1
Abba_Eban\5\5.520.jpg,0,142,94,116,116,0.0,1
Abba_Eban\5\5.521.jpg,0,142,95,118,118,0.0,1
Abba_Eban\5\5.522.jpg,0,142,95,118,118,0.0,1
Abba_Eban\5\5.523.jpg,0,142,94,119,119,0.0,1
Abba_Eban\5\5.524.jpg,0,141,94,121,121,0.0,1
Abba_Eban\5\5.525.jpg,0,140,94,119,119,0.0,1
Abba_Eban\5\5.526.jpg,0,141,95,122,122,0.0,1
Abba_Eban\5\5.527.jpg,0,141,94,121,121,0.0,1
Abba_Eban\5\5.528.jpg,0,143,95,115,115,0.0,1
Abba_Eban\5\5.529.jpg,0,142,96,124,124,0.0,1
Abba_Eban\5\5.530.jpg,0,143,95,122,122,0.0,1
Abba_Eban\5\5.531.jpg,0,143,94,117,117,0.0,1
Abba_Eban\5\5.532.jpg,0,143,96,120,120,0.0,1
Abba_Eban\5\5.533.jpg,0,143,95,121,121,0.0,1
Abba_Eban\5\5.534.jpg,0,142,96,115,115,0.0,1
Abba_Eban\5\5.535.jpg,0,145,96,116,116,0.0,1
Abba_Eban\5\5.536.jpg,0,150,94,99,99,0.0,1
Abba_Eban\5\5.537.jpg,0,148,94,99,99,0.0,1
Abba_Eban\5\5.538.jpg,0,142,96,119,119,0.0,1
Abba_Eban\5\5.539.jpg,0,141,96,123,123,0.0,1
Abba_Eban\5\5.540.jpg,0,139,97,128,128,0.0,1
Abba_Eban\5\5.541.jpg,0,140,96,127,127,0.0,1
Abba_Eban\5\5.542.jpg,0,141,98,126,126,0.0,1
Abba_Eban\5\5.543.jpg,0,141,98,124,124,0.0,1
Abba_Eban\5\5.544.jpg,0,142,98,126,126,0.0,1
Abba_Eban\5\5.545.jpg,0,141,96,125,125,0.0,1
Abba_Eban\5\5.546.jpg,0,142,97,126,126,0.0,1
Abba_Eban\5\5.547.jpg,0,143,97,122,122,0.0,1
