Abdullah\1\1.1590.jpg,0,193,105,157,157,0.0,1
Abdullah\1\1.1591.jpg,0,194,107,170,170,0.0,1
Abdullah\1\1.1592.jpg,0,193,106,170,170,0.0,1
Abdullah\1\1.1593.jpg,0,194,108,162,162,0.0,1
Abdullah\1\1.1594.jpg,0,193,108,162,162,0.0,1
Abdullah\1\1.1595.jpg,0,193,108,162,162,0.0,1
Abdullah\1\1.1596.jpg,0,191,105,172,172,0.0,1
Abdullah\1\1.1597.jpg,0,198,104,161,161,0.0,1
Abdullah\1\1.1598.jpg,0,196,104,167,167,0.0,1
Abdullah\1\1.1599.jpg,0,198,103,181,181,0.0,1
Abdullah\1\1.1600.jpg,0,200,103,172,172,0.0,1
Abdullah\1\1.1601.jpg,0,200,103,172,172,0.0,1
Abdullah\1\1.1602.jpg,0,199,102,175,175,0.0,1
Abdullah\1\1.1603.jpg,0,201,103,180,180,0.0,1
Abdullah\1\1.1604.jpg,0,201,104,186,186,0.0,1
Abdullah\1\1.1605.jpg,0,207,110,176,176,0.0,1
Abdullah\1\1.1606.jpg,0,209,106,176,176,0.0,1
Abdullah\1\1.1607.jpg,0,209,106,176,176,0.0,1
Abdullah\1\1.1608.jpg,0,205,108,165,165,0.0,1
Abdullah\1\1.1609.jpg,0,207,108,170,170,0.0,1
Abdullah\1\1.1610.jpg,0,208,110,170,170,0.0,1
Abdullah\1\1.1611.jpg,0,208,110,164,164,0.0,1
Abdullah\1\1.1612.jpg,0,210,111,168,168,0.0,1
Abdullah\1\1.1613.jpg,0,210,111,168,168,0.0,1
Abdullah\1\1.1614.jpg,0,214,110,172,172,0.0,1
Abdullah\1\1.1615.jpg,0,212,111,174,174,0.0,1
Abdullah\1\1.1616.jpg,0,211,113,176,176,0.0,1
Abdullah\1\1.1617.jpg,0,212,113,178,178,0.0,1
Abdullah\1\1.1618.jpg,0,212,113,178,178,0.0,1
Abdullah\1\1.1619.jpg,0,213,114,174,174,0.0,1
Abdullah\1\1.1620.jpg,0,214,111,178,178,0.0,1
Abdullah\1\1.1621.jpg,0,217,115,167,167,0.0,1
Abdullah\1\1.1622.jpg,0,218,115,174,174,0.0,1
Abdullah\1\1.1623.jpg,0,215,114,175,175,0.0,1
Abdullah\1\1.1624.jpg,0,215,114,175,175,0.0,1
Abdullah\1\1.1625.jpg,0,214,113,178,178,0.0,1
Abdullah\1\1.1626.jpg,1,218,113,171,171,0.0,1
Abdullah\1\1.1627.jpg,0,218,115,174,174,0.0,1
Abdullah\1\1.1628.jpg,0,218,115,174,174,0.0,1
Abdullah\1\1.1629.jpg,0,218,117,175,175,0.0,1
Abdullah\1\1.1630.jpg,0,218,117,175,175,0.0,1
Abdullah\1\1.1631.jpg,0,218,117,175,175,0.0,1
Abdullah\1\1.1632.jpg,0,218,115,174,174,0.0,1
Abdullah\1\1.1633.jpg,0,218,115,174,174,0.0,1
Abdullah\1\1.1634.jpg,0,218,115,174,174,0.0,1
Abdullah\1\1.1635.jpg,0,218,115,174,174,0.0,1
Abdullah\1\1.1636.jpg,0,218,115,174,174,0.0,1
Abdullah\1\1.1637.jpg,0,218,116,168,168,0.0,1
Abdullah\1\1.1638.jpg,0,218,115,174,174,0.0,1
Abdullah\1\1.1639.jpg,0,213,110,181,181,0.0,1
Abdullah\1\1.1640.jpg,0,219,118,162,162,0.0,1
Abdullah\1\1.1641.jpg,0,219,117,170,170,0.0,1
Abdullah\1\1.1642.jpg,0,219,117,170,170,0.0,1
