Abel_Pacheco\1\1.37.jpg,1,165,142,61,61,0.0,1
Abel_Pacheco\1\1.38.jpg,1,165,143,64,64,0.0,1
Abel_Pacheco\1\1.39.jpg,1,164,142,63,63,0.0,1
Abel_Pacheco\1\1.40.jpg,1,164,143,66,66,0.0,1
Abel_Pacheco\1\1.41.jpg,1,164,142,63,63,0.0,1
Abel_Pacheco\1\1.42.jpg,1,164,142,65,65,0.0,1
Abel_Pacheco\1\1.43.jpg,1,165,141,64,64,0.0,1
Abel_Pacheco\1\1.44.jpg,1,167,141,64,64,0.0,1
Abel_Pacheco\1\1.45.jpg,1,167,141,62,62,0.0,1
Abel_Pacheco\1\1.46.jpg,1,168,142,65,65,0.0,1
Abel_Pacheco\1\1.47.jpg,1,168,142,65,65,0.0,1
Abel_Pacheco\1\1.48.jpg,1,169,142,61,61,0.0,1
Abel_Pacheco\1\1.49.jpg,1,170,142,64,64,0.0,1
Abel_Pacheco\1\1.50.jpg,1,170,142,65,65,0.0,1
Abel_Pacheco\1\1.51.jpg,1,172,142,68,68,0.0,1
Abel_Pacheco\1\1.52.jpg,1,172,142,66,66,0.0,1
Abel_Pacheco\1\1.53.jpg,1,172,141,67,67,0.0,1
Abel_Pacheco\1\1.54.jpg,1,173,143,70,70,0.0,1
Abel_Pacheco\1\1.55.jpg,1,172,143,70,70,0.0,1
Abel_Pacheco\1\1.56.jpg,1,173,143,67,67,0.0,1
Abel_Pacheco\1\1.57.jpg,1,174,145,68,68,0.0,1
Abel_Pacheco\1\1.58.jpg,1,175,145,68,68,0.0,1
Abel_Pacheco\1\1.59.jpg,1,174,144,66,66,0.0,1
Abel_Pacheco\1\1.60.jpg,1,175,143,69,69,0.0,1
Abel_Pacheco\1\1.61.jpg,1,175,142,67,67,0.0,1
Abel_Pacheco\1\1.62.jpg,1,177,142,68,68,0.0,1
Abel_Pacheco\1\1.63.jpg,1,178,141,70,70,0.0,1
Abel_Pacheco\1\1.64.jpg,1,177,140,67,67,0.0,1
Abel_Pacheco\1\1.65.jpg,1,177,140,67,67,0.0,1
Abel_Pacheco\1\1.66.jpg,1,178,141,66,66,0.0,1
Abel_Pacheco\1\1.67.jpg,1,178,141,65,65,0.0,1
Abel_Pacheco\1\1.68.jpg,1,177,140,65,65,0.0,1
Abel_Pacheco\1\1.69.jpg,1,178,140,65,65,0.0,1
Abel_Pacheco\1\1.70.jpg,1,178,140,65,65,0.0,1
Abel_Pacheco\1\1.71.jpg,1,179,140,67,67,0.0,1
Abel_Pacheco\1\1.72.jpg,1,179,140,66,66,0.0,1
Abel_Pacheco\1\1.73.jpg,1,177,140,67,67,0.0,1
Abel_Pacheco\1\1.74.jpg,1,177,141,69,69,0.0,1
Abel_Pacheco\1\1.75.jpg,1,176,140,68,68,0.0,1
Abel_Pacheco\1\1.76.jpg,1,176,140,71,71,0.0,1
Abel_Pacheco\1\1.77.jpg,1,175,139,66,66,0.0,1
Abel_Pacheco\1\1.78.jpg,1,175,139,67,67,0.0,1
Abel_Pacheco\1\1.79.jpg,1,175,141,71,71,0.0,1
Abel_Pacheco\1\1.80.jpg,1,174,139,67,67,0.0,1
Abel_Pacheco\1\1.81.jpg,1,173,139,66,66,0.0,1
Abel_Pacheco\1\1.82.jpg,1,173,139,69,69,0.0,1
Abel_Pacheco\1\1.83.jpg,1,175,140,69,69,0.0,1
Abel_Pacheco\1\1.84.jpg,1,176,139,69,69,0.0,1
Abel_Pacheco\1\1.85.jpg,1,176,138,68,68,0.0,1
Abel_Pacheco\1\1.86.jpg,1,177,137,67,67,0.0,1
Abel_Pacheco\1\1.87.jpg,1,178,137,67,67,0.0,1
Abel_Pacheco\1\1.88.jpg,1,179,137,63,63,0.0,1
Abel_Pacheco\1\1.89.jpg,1,178,137,65,65,0.0,1
Abel_Pacheco\1\1.90.jpg,1,180,139,69,69,0.0,1
Abel_Pacheco\1\1.91.jpg,1,180,140,63,63,0.0,1
Abel_Pacheco\1\1.92.jpg,1,181,140,64,64,0.0,1
Abel_Pacheco\1\1.93.jpg,1,180,141,63,63,0.0,1
Abel_Pacheco\1\1.94.jpg,1,181,142,65,65,0.0,1
Abel_Pacheco\1\1.95.jpg,1,183,142,63,63,0.0,1
Abel_Pacheco\1\1.96.jpg,1,183,145,61,61,0.0,1
Abel_Pacheco\1\1.97.jpg,0,183,146,61,61,0.0,1
Abel_Pacheco\1\1.98.jpg,0,184,148,60,60,0.0,1
Abel_Pacheco\1\1.99.jpg,1,184,151,56,56,0.0,1
Abel_Pacheco\1\1.100.jpg,1,185,152,58,58,0.0,1
Abel_Pacheco\1\1.101.jpg,1,184,154,60,60,0.0,1
Abel_Pacheco\1\1.102.jpg,1,185,154,58,58,0.0,1
Abel_Pacheco\1\1.103.jpg,1,185,156,59,59,0.0,1
Abel_Pacheco\1\1.104.jpg,1,185,157,59,59,0.0,1
Abel_Pacheco\1\1.105.jpg,1,183,157,57,57,0.0,1
Abel_Pacheco\1\1.106.jpg,1,183,157,59,59,0.0,1
Abel_Pacheco\1\1.107.jpg,1,183,158,58,58,0.0,1
Abel_Pacheco\1\1.108.jpg,1,182,157,59,59,0.0,1
Abel_Pacheco\1\1.109.jpg,1,182,157,59,59,0.0,1
Abel_Pacheco\1\1.110.jpg,0,180,158,59,59,0.0,1
Abel_Pacheco\1\1.111.jpg,1,180,157,59,59,0.0,1
Abel_Pacheco\1\1.112.jpg,0,180,156,57,57,0.0,1
Abel_Pacheco\1\1.113.jpg,1,179,156,57,57,0.0,1
Abel_Pacheco\1\1.114.jpg,1,179,157,58,58,0.0,1
Abel_Pacheco\1\1.115.jpg,1,179,157,59,59,0.0,1
Abel_Pacheco\1\1.116.jpg,1,178,156,59,59,0.0,1
Abel_Pacheco\1\1.117.jpg,1,179,157,60,60,0.0,1
Abel_Pacheco\1\1.118.jpg,1,178,156,59,59,0.0,1
Abel_Pacheco\1\1.119.jpg,1,179,156,60,60,0.0,1
Abel_Pacheco\1\1.120.jpg,0,179,157,60,60,0.0,1
Abel_Pacheco\1\1.121.jpg,1,178,156,60,60,0.0,1
Abel_Pacheco\1\1.122.jpg,1,177,155,59,59,0.0,1
Abel_Pacheco\1\1.123.jpg,1,177,155,58,58,0.0,1
Abel_Pacheco\1\1.124.jpg,1,177,155,60,60,0.0,1
Abel_Pacheco\1\1.125.jpg,1,175,155,57,57,0.0,1
Abel_Pacheco\1\1.126.jpg,1,174,155,59,59,0.0,1
Abel_Pacheco\1\1.127.jpg,1,173,155,59,59,0.0,1
Abel_Pacheco\1\1.128.jpg,1,172,156,59,59,0.0,1
Abel_Pacheco\1\1.129.jpg,1,171,157,60,60,0.0,1
Abel_Pacheco\1\1.130.jpg,1,170,156,58,58,0.0,1
Abel_Pacheco\1\1.131.jpg,1,168,156,59,59,0.0,1
Abel_Pacheco\1\1.132.jpg,1,166,155,59,59,0.0,1
Abel_Pacheco\1\1.133.jpg,0,166,155,60,60,0.0,1
Abel_Pacheco\1\1.134.jpg,1,165,153,61,61,0.0,1
Abel_Pacheco\1\1.135.jpg,1,165,154,64,64,0.0,1
Abel_Pacheco\1\1.136.jpg,1,165,151,62,62,0.0,1
Abel_Pacheco\1\1.137.jpg,0,163,149,63,63,0.0,1
Abel_Pacheco\1\1.138.jpg,1,164,149,64,64,0.0,1
Abel_Pacheco\1\1.139.jpg,1,162,147,65,65,0.0,1
Abel_Pacheco\1\1.140.jpg,1,163,146,63,63,0.0,1
Abel_Pacheco\3\3.2697.jpg,0,134,93,53,53,0.0,1
Abel_Pacheco\3\3.2698.jpg,0,132,94,51,51,0.0,1
Abel_Pacheco\3\3.2699.jpg,0,129,93,57,57,0.0,1
Abel_Pacheco\3\3.2700.jpg,0,126,94,56,56,0.0,1
Abel_Pacheco\3\3.2701.jpg,0,125,94,59,59,0.0,1
Abel_Pacheco\3\3.2702.jpg,0,125,94,59,59,0.0,1
Abel_Pacheco\3\3.2703.jpg,0,125,94,57,57,0.0,1
Abel_Pacheco\3\3.2704.jpg,0,127,93,58,58,0.0,1
Abel_Pacheco\3\3.2705.jpg,0,128,93,57,57,0.0,1
Abel_Pacheco\3\3.2706.jpg,0,131,95,56,56,0.0,1
Abel_Pacheco\3\3.2707.jpg,0,132,95,58,58,0.0,1
Abel_Pacheco\3\3.2708.jpg,0,134,94,59,59,0.0,1
Abel_Pacheco\3\3.2709.jpg,0,137,93,58,58,0.0,1
Abel_Pacheco\3\3.2710.jpg,0,139,93,59,59,0.0,1
Abel_Pacheco\3\3.2711.jpg,0,143,93,60,60,0.0,1
Abel_Pacheco\3\3.2712.jpg,0,145,92,62,62,0.0,1
Abel_Pacheco\3\3.2713.jpg,0,152,90,60,60,0.0,1
Abel_Pacheco\3\3.2714.jpg,0,156,88,60,60,0.0,1
Abel_Pacheco\3\3.2715.jpg,0,158,86,60,60,0.0,1
Abel_Pacheco\3\3.2716.jpg,0,160,85,59,59,0.0,1
Abel_Pacheco\3\3.2717.jpg,0,160,85,59,59,0.0,1
Abel_Pacheco\3\3.2718.jpg,0,165,81,58,58,0.0,1
Abel_Pacheco\3\3.2719.jpg,0,168,81,59,59,0.0,1
Abel_Pacheco\3\3.2720.jpg,0,168,81,59,59,0.0,1
Abel_Pacheco\3\3.2721.jpg,0,171,82,59,59,0.0,1
Abel_Pacheco\3\3.2722.jpg,0,172,83,65,65,0.0,1
Abel_Pacheco\3\3.2723.jpg,0,172,83,63,63,0.0,1
Abel_Pacheco\3\3.2724.jpg,0,172,86,68,68,0.0,1
Abel_Pacheco\3\3.2725.jpg,0,169,86,61,61,0.0,1
Abel_Pacheco\3\3.2726.jpg,0,169,86,63,63,0.0,1
Abel_Pacheco\3\3.2727.jpg,0,167,86,62,62,0.0,1
Abel_Pacheco\3\3.2728.jpg,0,166,86,62,62,0.0,1
Abel_Pacheco\3\3.2729.jpg,0,164,87,66,66,0.0,1
Abel_Pacheco\3\3.2730.jpg,0,162,86,66,66,0.0,1
Abel_Pacheco\3\3.2731.jpg,0,162,86,63,63,0.0,1
Abel_Pacheco\3\3.2732.jpg,0,160,87,66,66,0.0,1
Abel_Pacheco\3\3.2733.jpg,0,158,88,64,64,0.0,1
Abel_Pacheco\3\3.2734.jpg,0,156,87,66,66,0.0,1
Abel_Pacheco\3\3.2735.jpg,0,155,87,72,72,0.0,1
Abel_Pacheco\3\3.2736.jpg,0,153,86,67,67,0.0,1
Abel_Pacheco\3\3.2737.jpg,0,150,87,70,70,0.0,1
Abel_Pacheco\3\3.2738.jpg,0,149,90,76,76,0.0,1
Abel_Pacheco\3\3.2739.jpg,0,147,89,76,76,0.0,1
Abel_Pacheco\3\3.2740.jpg,0,147,90,76,76,0.0,1
Abel_Pacheco\3\3.2741.jpg,0,142,90,74,74,0.0,1
Abel_Pacheco\3\3.2742.jpg,0,142,91,74,74,0.0,1
Abel_Pacheco\3\3.2743.jpg,0,142,91,74,74,0.0,1
Abel_Pacheco\3\3.2744.jpg,0,137,89,70,70,0.0,1
Abel_Pacheco\3\3.2745.jpg,0,133,90,70,70,0.0,1
Abel_Pacheco\3\3.2746.jpg,0,133,89,70,70,0.0,1
Abel_Pacheco\3\3.2747.jpg,0,131,90,76,76,0.0,1
Abel_Pacheco\3\3.2748.jpg,0,129,91,77,77,0.0,1
Abel_Pacheco\4\4.804.jpg,0,196,142,175,175,0.0,1
Abel_Pacheco\4\4.805.jpg,0,195,142,175,175,0.0,1
Abel_Pacheco\4\4.806.jpg,0,195,136,180,180,0.0,1
Abel_Pacheco\4\4.807.jpg,0,197,133,176,176,0.0,1
Abel_Pacheco\4\4.808.jpg,0,197,133,176,176,0.0,1
Abel_Pacheco\4\4.809.jpg,0,197,134,176,176,0.0,1
Abel_Pacheco\4\4.810.jpg,0,197,134,176,176,0.0,1
Abel_Pacheco\4\4.811.jpg,0,197,133,177,177,0.0,1
Abel_Pacheco\4\4.812.jpg,0,197,133,179,179,0.0,1
Abel_Pacheco\4\4.813.jpg,0,196,133,179,179,0.0,1
Abel_Pacheco\4\4.814.jpg,0,197,132,173,173,0.0,1
Abel_Pacheco\4\4.815.jpg,0,196,133,187,187,0.0,1
Abel_Pacheco\4\4.816.jpg,0,196,132,172,172,0.0,1
Abel_Pacheco\4\4.817.jpg,0,196,132,171,171,0.0,1
Abel_Pacheco\4\4.818.jpg,0,197,126,164,164,0.0,1
Abel_Pacheco\4\4.819.jpg,0,197,116,171,171,0.0,1
Abel_Pacheco\4\4.820.jpg,0,198,116,172,172,0.0,1
Abel_Pacheco\4\4.821.jpg,0,197,111,170,170,0.0,1
Abel_Pacheco\4\4.822.jpg,0,197,111,170,170,0.0,1
Abel_Pacheco\4\4.823.jpg,0,198,114,180,180,0.0,1
Abel_Pacheco\4\4.824.jpg,0,199,118,171,171,0.0,1
Abel_Pacheco\4\4.825.jpg,0,199,120,174,174,0.0,1
Abel_Pacheco\4\4.826.jpg,0,197,125,178,178,0.0,1
Abel_Pacheco\4\4.827.jpg,0,196,130,171,171,0.0,1
Abel_Pacheco\4\4.828.jpg,0,197,130,168,168,0.0,1
Abel_Pacheco\4\4.829.jpg,0,196,137,177,177,0.0,1
Abel_Pacheco\4\4.830.jpg,0,196,137,175,175,0.0,1
Abel_Pacheco\4\4.831.jpg,0,198,141,175,175,0.0,1
Abel_Pacheco\4\4.832.jpg,0,198,144,172,172,0.0,1
Abel_Pacheco\4\4.833.jpg,0,196,144,173,173,0.0,1
Abel_Pacheco\4\4.834.jpg,0,199,145,170,170,0.0,1
Abel_Pacheco\4\4.835.jpg,0,198,142,170,170,0.0,1
Abel_Pacheco\4\4.836.jpg,0,197,141,176,176,0.0,1
Abel_Pacheco\4\4.837.jpg,0,197,136,181,181,0.0,1
Abel_Pacheco\4\4.838.jpg,0,197,136,181,181,0.0,1
Abel_Pacheco\4\4.839.jpg,0,194,136,184,184,0.0,1
Abel_Pacheco\4\4.840.jpg,0,195,138,177,177,0.0,1
Abel_Pacheco\4\4.841.jpg,0,195,138,177,177,0.0,1
Abel_Pacheco\4\4.842.jpg,0,195,138,176,176,0.0,1
Abel_Pacheco\4\4.843.jpg,0,193,139,182,182,0.0,1
Abel_Pacheco\4\4.844.jpg,0,193,138,183,183,0.0,1
Abel_Pacheco\4\4.845.jpg,0,193,136,193,193,0.0,1
Abel_Pacheco\4\4.846.jpg,0,193,136,193,193,0.0,1
Abel_Pacheco\4\4.847.jpg,0,193,131,170,170,0.0,1
Abel_Pacheco\4\4.848.jpg,0,193,128,175,175,0.0,1
Abel_Pacheco\4\4.849.jpg,0,192,128,177,177,0.0,1
Abel_Pacheco\4\4.850.jpg,0,192,126,177,177,0.0,1
Abel_Pacheco\4\4.851.jpg,0,193,126,178,178,0.0,1
Abel_Pacheco\4\4.852.jpg,0,193,126,177,177,0.0,1
Abel_Pacheco\4\4.853.jpg,0,193,126,177,177,0.0,1
Abel_Pacheco\4\4.854.jpg,0,195,126,174,174,0.0,1
Abel_Pacheco\4\4.855.jpg,0,192,126,180,180,0.0,1
Abel_Pacheco\4\4.856.jpg,0,193,125,178,178,0.0,1
Abel_Pacheco\4\4.857.jpg,0,192,125,175,175,0.0,1
Abel_Pacheco\4\4.858.jpg,0,192,125,179,179,0.0,1
Abel_Pacheco\4\4.859.jpg,0,193,124,181,181,0.0,1
Abel_Pacheco\4\4.860.jpg,0,192,125,179,179,0.0,1
Abel_Pacheco\4\4.861.jpg,0,194,125,176,176,0.0,1
Abel_Pacheco\4\4.862.jpg,0,194,125,176,176,0.0,1
Abel_Pacheco\4\4.863.jpg,0,194,126,173,173,0.0,1
Abel_Pacheco\4\4.864.jpg,0,193,126,172,172,0.0,1
Abel_Pacheco\4\4.865.jpg,0,193,126,172,172,0.0,1
Abel_Pacheco\4\4.866.jpg,0,192,126,175,175,0.0,1
Abel_Pacheco\4\4.867.jpg,0,191,127,176,176,0.0,1
Abel_Pacheco\4\4.868.jpg,0,192,125,176,176,0.0,1
Abel_Pacheco\4\4.869.jpg,0,190,124,180,180,0.0,1
Abel_Pacheco\4\4.870.jpg,0,191,125,182,182,0.0,1
Abel_Pacheco\4\4.871.jpg,0,191,120,176,176,0.0,1
Abel_Pacheco\4\4.872.jpg,0,190,119,174,174,0.0,1
Abel_Pacheco\4\4.873.jpg,0,190,119,174,174,0.0,1
Abel_Pacheco\4\4.874.jpg,0,186,124,186,186,0.0,1
Abel_Pacheco\4\4.875.jpg,0,179,131,189,189,0.0,1
Abel_Pacheco\4\4.876.jpg,0,180,131,186,186,0.0,1
Abel_Pacheco\4\4.877.jpg,0,178,132,183,183,0.0,1
Abel_Pacheco\4\4.878.jpg,0,178,133,181,181,0.0,1
Abel_Pacheco\4\4.879.jpg,0,180,134,176,176,0.0,1
Abel_Pacheco\4\4.880.jpg,0,174,138,180,180,0.0,1
Abel_Pacheco\4\4.881.jpg,0,174,137,177,177,0.0,1
Abel_Pacheco\4\4.882.jpg,0,174,138,181,181,0.0,1
Abel_Pacheco\4\4.883.jpg,0,177,135,184,184,0.0,1
Abel_Pacheco\4\4.884.jpg,0,176,136,186,186,0.0,1
Abel_Pacheco\4\4.885.jpg,0,177,132,185,185,0.0,1
Abel_Pacheco\4\4.886.jpg,0,177,132,185,185,0.0,1
Abel_Pacheco\4\4.887.jpg,0,177,131,185,185,0.0,1
Abel_Pacheco\4\4.888.jpg,0,181,129,175,175,0.0,1
Abel_Pacheco\4\4.889.jpg,0,180,129,177,177,0.0,1
Abel_Pacheco\4\4.890.jpg,0,182,127,177,177,0.0,1
Abel_Pacheco\4\4.891.jpg,0,185,130,174,174,0.0,1
Abel_Pacheco\4\4.892.jpg,0,185,130,172,172,0.0,1
Abel_Pacheco\4\4.893.jpg,0,189,125,184,184,0.0,1
Abel_Pacheco\4\4.894.jpg,0,188,125,183,183,0.0,1
Abel_Pacheco\4\4.895.jpg,0,188,123,174,174,0.0,1
Abel_Pacheco\4\4.896.jpg,0,188,124,179,179,0.0,1
Abel_Pacheco\4\4.897.jpg,0,188,124,179,179,0.0,1
Abel_Pacheco\4\4.898.jpg,0,188,125,177,177,0.0,1
Abel_Pacheco\4\4.899.jpg,0,189,125,174,174,0.0,1
Abel_Pacheco\4\4.900.jpg,0,188,124,175,175,0.0,1
Abel_Pacheco\4\4.901.jpg,0,187,124,175,175,0.0,1
Abel_Pacheco\4\4.902.jpg,0,188,124,171,171,0.0,1
Abel_Pacheco\4\4.903.jpg,0,188,125,173,173,0.0,1
Abel_Pacheco\4\4.904.jpg,0,188,126,172,172,0.0,1
Abel_Pacheco\4\4.905.jpg,0,187,125,172,172,0.0,1
Abel_Pacheco\4\4.906.jpg,0,187,126,173,173,0.0,1
Abel_Pacheco\4\4.907.jpg,0,187,126,173,173,0.0,1
Abel_Pacheco\4\4.908.jpg,0,188,127,176,176,0.0,1
Abel_Pacheco\4\4.909.jpg,0,188,126,173,173,0.0,1
Abel_Pacheco\4\4.910.jpg,0,188,126,174,174,0.0,1
Abel_Pacheco\4\4.911.jpg,0,190,124,176,176,0.0,1
Abel_Pacheco\4\4.912.jpg,0,188,120,177,177,0.0,1
Abel_Pacheco\4\4.913.jpg,0,187,120,177,177,0.0,1
Abel_Pacheco\4\4.914.jpg,0,188,117,175,175,0.0,1
Abel_Pacheco\4\4.915.jpg,0,188,117,175,175,0.0,1
Abel_Pacheco\4\4.916.jpg,0,188,118,180,180,0.0,1
Abel_Pacheco\4\4.917.jpg,0,189,120,167,167,0.0,1
Abel_Pacheco\4\4.918.jpg,0,189,120,167,167,0.0,1
Abel_Pacheco\4\4.919.jpg,0,187,122,172,172,0.0,1
Abel_Pacheco\4\4.920.jpg,0,189,126,173,173,0.0,1
Abel_Pacheco\4\4.921.jpg,0,189,127,172,172,0.0,1
Abel_Pacheco\4\4.922.jpg,0,186,129,173,173,0.0,1
Abel_Pacheco\4\4.923.jpg,0,188,130,172,172,0.0,1
Abel_Pacheco\4\4.924.jpg,0,189,131,172,172,0.0,1
Abel_Pacheco\4\4.925.jpg,0,190,130,174,174,0.0,1
Abel_Pacheco\4\4.926.jpg,0,190,131,176,176,0.0,1
Abel_Pacheco\4\4.927.jpg,0,190,128,168,168,0.0,1
Abel_Pacheco\4\4.928.jpg,0,191,127,172,172,0.0,1
Abel_Pacheco\4\4.929.jpg,0,191,127,172,172,0.0,1
Abel_Pacheco\4\4.930.jpg,0,195,126,174,174,0.0,1
Abel_Pacheco\4\4.931.jpg,0,194,126,172,172,0.0,1
Abel_Pacheco\4\4.932.jpg,0,197,127,172,172,0.0,1
Abel_Pacheco\4\4.933.jpg,0,198,131,174,174,0.0,1
Abel_Pacheco\4\4.934.jpg,0,198,131,174,174,0.0,1
Abel_Pacheco\4\4.935.jpg,0,199,131,170,170,0.0,1
Abel_Pacheco\4\4.936.jpg,0,198,134,171,171,0.0,1
Abel_Pacheco\4\4.937.jpg,0,198,135,167,167,0.0,1
Abel_Pacheco\4\4.938.jpg,0,201,136,178,178,0.0,1
Abel_Pacheco\4\4.939.jpg,0,201,137,180,180,0.0,1
Abel_Pacheco\4\4.940.jpg,0,199,137,173,173,0.0,1
Abel_Pacheco\4\4.941.jpg,0,199,136,178,178,0.0,1
Abel_Pacheco\4\4.942.jpg,0,199,136,180,180,0.0,1
Abel_Pacheco\4\4.943.jpg,0,199,136,180,180,0.0,1
Abel_Pacheco\4\4.944.jpg,0,199,134,179,179,0.0,1
Abel_Pacheco\4\4.945.jpg,0,200,134,178,178,0.0,1
Abel_Pacheco\4\4.946.jpg,0,200,135,180,180,0.0,1
Abel_Pacheco\4\4.947.jpg,0,199,135,181,181,0.0,1
Abel_Pacheco\4\4.948.jpg,0,200,137,177,177,0.0,1
Abel_Pacheco\4\4.949.jpg,0,201,137,176,176,0.0,1
Abel_Pacheco\4\4.950.jpg,0,200,136,177,177,0.0,1
Abel_Pacheco\4\4.951.jpg,0,199,133,180,180,0.0,1
Abel_Pacheco\4\4.952.jpg,0,197,136,177,177,0.0,1
Abel_Pacheco\4\4.953.jpg,0,196,136,179,179,0.0,1
Abel_Pacheco\4\4.954.jpg,0,200,131,174,174,0.0,1
Abel_Pacheco\4\4.955.jpg,0,200,132,176,176,0.0,1
Abel_Pacheco\4\4.956.jpg,0,199,129,183,183,0.0,1
Abel_Pacheco\4\4.957.jpg,0,200,130,181,181,0.0,1
Abel_Pacheco\4\4.958.jpg,0,201,130,177,177,0.0,1
Abel_Pacheco\4\4.959.jpg,0,202,138,176,176,0.0,1
Abel_Pacheco\4\4.960.jpg,0,206,143,170,170,0.0,1
Abel_Pacheco\4\4.961.jpg,0,206,143,169,169,0.0,1
Abel_Pacheco\4\4.962.jpg,0,206,147,172,172,0.0,1
Abel_Pacheco\4\4.963.jpg,0,206,147,171,171,0.0,1
Abel_Pacheco\4\4.964.jpg,0,206,148,173,173,0.0,1
Abel_Pacheco\4\4.965.jpg,0,206,146,175,175,0.0,1
Abel_Pacheco\4\4.966.jpg,0,206,146,175,175,0.0,1
Abel_Pacheco\4\4.967.jpg,0,205,143,179,179,0.0,1
Abel_Pacheco\4\4.968.jpg,0,207,139,182,182,0.0,1
Abel_Pacheco\4\4.969.jpg,0,206,139,185,185,0.0,1
Abel_Pacheco\4\4.970.jpg,0,204,135,175,175,0.0,1
Abel_Pacheco\4\4.971.jpg,0,203,135,180,180,0.0,1
Abel_Pacheco\4\4.972.jpg,0,207,133,178,178,0.0,1
Abel_Pacheco\4\4.973.jpg,0,209,127,169,169,0.0,1
Abel_Pacheco\4\4.974.jpg,0,210,127,172,172,0.0,1
Abel_Pacheco\4\4.975.jpg,0,213,123,174,174,0.0,1
Abel_Pacheco\4\4.976.jpg,0,213,121,179,179,0.0,1
Abel_Pacheco\4\4.977.jpg,0,213,121,179,179,0.0,1
Abel_Pacheco\4\4.978.jpg,0,216,117,173,173,0.0,1
Abel_Pacheco\4\4.979.jpg,0,216,117,173,173,0.0,1
Abel_Pacheco\4\4.980.jpg,0,220,116,167,167,0.0,1
Abel_Pacheco\4\4.981.jpg,0,220,114,166,166,0.0,1
Abel_Pacheco\4\4.982.jpg,0,220,115,167,167,0.0,1
