Adam_Scott\1\1.2726.jpg,0,178,94,86,86,0.0,1
Adam_Scott\1\1.2727.jpg,0,178,95,87,87,0.0,1
Adam_Scott\1\1.2728.jpg,0,178,95,89,89,0.0,1
Adam_Scott\1\1.2729.jpg,0,178,95,88,88,0.0,1
Adam_Scott\1\1.2730.jpg,0,178,95,88,88,0.0,1
Adam_Scott\1\1.2731.jpg,0,178,95,87,87,0.0,1
Adam_Scott\1\1.2732.jpg,0,178,94,85,85,0.0,1
Adam_Scott\1\1.2733.jpg,0,178,94,87,87,0.0,1
Adam_Scott\1\1.2734.jpg,0,179,95,86,86,0.0,1
Adam_Scott\1\1.2735.jpg,0,179,94,86,86,0.0,1
Adam_Scott\1\1.2736.jpg,0,180,95,88,88,0.0,1
Adam_Scott\1\1.2737.jpg,0,180,95,90,90,0.0,1
Adam_Scott\1\1.2738.jpg,0,180,95,89,89,0.0,1
Adam_Scott\1\1.2739.jpg,0,180,94,87,87,0.0,1
Adam_Scott\1\1.2740.jpg,0,180,94,89,89,0.0,1
Adam_Scott\1\1.2741.jpg,0,182,95,90,90,0.0,1
Adam_Scott\1\1.2742.jpg,0,182,95,88,88,0.0,1
Adam_Scott\1\1.2743.jpg,0,182,95,89,89,0.0,1
Adam_Scott\1\1.2744.jpg,0,184,95,90,90,0.0,1
Adam_Scott\1\1.2745.jpg,0,184,95,88,88,0.0,1
Adam_Scott\1\1.2746.jpg,0,184,96,90,90,0.0,1
Adam_Scott\1\1.2747.jpg,0,183,96,90,90,0.0,1
Adam_Scott\1\1.2748.jpg,0,184,95,91,91,0.0,1
Adam_Scott\1\1.2749.jpg,0,185,96,92,92,0.0,1
Adam_Scott\1\1.2750.jpg,0,184,95,93,93,0.0,1
Adam_Scott\1\1.2751.jpg,0,184,96,92,92,0.0,1
Adam_Scott\1\1.2752.jpg,0,183,95,91,91,0.0,1
Adam_Scott\1\1.2753.jpg,0,183,97,90,90,0.0,1
Adam_Scott\1\1.2754.jpg,0,183,97,88,88,0.0,1
Adam_Scott\1\1.2755.jpg,0,181,97,89,89,0.0,1
Adam_Scott\1\1.2756.jpg,0,182,98,90,90,0.0,1
Adam_Scott\1\1.2757.jpg,0,182,97,90,90,0.0,1
Adam_Scott\1\1.2758.jpg,0,182,97,88,88,0.0,1
Adam_Scott\1\1.2759.jpg,0,182,97,90,90,0.0,1
Adam_Scott\1\1.2760.jpg,0,182,96,88,88,0.0,1
Adam_Scott\1\1.2761.jpg,0,182,96,90,90,0.0,1
Adam_Scott\1\1.2762.jpg,0,181,95,89,89,0.0,1
Adam_Scott\1\1.2763.jpg,0,181,95,89,89,0.0,1
Adam_Scott\1\1.2764.jpg,0,180,96,87,87,0.0,1
Adam_Scott\1\1.2765.jpg,0,181,96,90,90,0.0,1
Adam_Scott\1\1.2766.jpg,0,181,96,88,88,0.0,1
Adam_Scott\1\1.2767.jpg,0,180,96,89,89,0.0,1
Adam_Scott\1\1.2768.jpg,0,181,96,91,91,0.0,1
Adam_Scott\1\1.2769.jpg,0,181,96,87,87,0.0,1
Adam_Scott\1\1.2770.jpg,0,181,96,90,90,0.0,1
Adam_Scott\1\1.2771.jpg,0,180,97,88,88,0.0,1
Adam_Scott\1\1.2772.jpg,0,181,97,88,88,0.0,1
Adam_Scott\1\1.2773.jpg,0,179,96,84,84,0.0,1
Adam_Scott\1\1.2774.jpg,0,179,96,84,84,0.0,1
Adam_Scott\1\1.2775.jpg,0,179,97,88,88,0.0,1
Adam_Scott\1\1.2776.jpg,0,178,96,87,87,0.0,1
Adam_Scott\1\1.2777.jpg,0,179,97,86,86,0.0,1
Adam_Scott\1\1.2778.jpg,0,179,96,85,85,0.0,1
Adam_Scott\1\1.2779.jpg,0,179,97,84,84,0.0,1
Adam_Scott\1\1.2780.jpg,0,179,96,86,86,0.0,1
Adam_Scott\1\1.2781.jpg,0,178,96,85,85,0.0,1
Adam_Scott\1\1.2782.jpg,0,178,95,85,85,0.0,1
Adam_Scott\1\1.2783.jpg,0,178,96,89,89,0.0,1
Adam_Scott\1\1.2784.jpg,0,178,97,88,88,0.0,1
Adam_Scott\1\1.2785.jpg,0,178,96,85,85,0.0,1
Adam_Scott\1\1.2786.jpg,0,178,96,85,85,0.0,1
Adam_Scott\1\1.2787.jpg,0,178,97,86,86,0.0,1
Adam_Scott\1\1.2788.jpg,0,177,96,85,85,0.0,1
Adam_Scott\1\1.2789.jpg,0,177,96,86,86,0.0,1
Adam_Scott\1\1.2790.jpg,0,177,96,89,89,0.0,1
Adam_Scott\1\1.2791.jpg,0,177,97,88,88,0.0,1
Adam_Scott\1\1.2792.jpg,0,176,96,86,86,0.0,1
Adam_Scott\1\1.2793.jpg,0,176,96,89,89,0.0,1
Adam_Scott\1\1.2794.jpg,0,175,96,85,85,0.0,1
Adam_Scott\1\1.2795.jpg,0,176,97,86,86,0.0,1
Adam_Scott\1\1.2796.jpg,0,175,96,85,85,0.0,1
Adam_Scott\1\1.2797.jpg,0,175,96,87,87,0.0,1
Adam_Scott\1\1.2798.jpg,0,175,96,86,86,0.0,1
Adam_Scott\1\1.2799.jpg,0,175,96,86,86,0.0,1
Adam_Scott\1\1.2800.jpg,0,176,97,88,88,0.0,1
Adam_Scott\1\1.2801.jpg,0,175,96,85,85,0.0,1
Adam_Scott\1\1.2802.jpg,0,175,96,89,89,0.0,1
Adam_Scott\1\1.2803.jpg,0,176,97,91,91,0.0,1
Adam_Scott\1\1.2804.jpg,0,176,97,90,90,0.0,1
Adam_Scott\1\1.2805.jpg,0,175,97,88,88,0.0,1
Adam_Scott\1\1.2806.jpg,0,174,96,86,86,0.0,1
Adam_Scott\1\1.2807.jpg,0,174,96,84,84,0.0,1
Adam_Scott\1\1.2808.jpg,0,173,95,84,84,0.0,1
Adam_Scott\1\1.2809.jpg,0,175,96,88,88,0.0,1
Adam_Scott\1\1.2810.jpg,0,172,96,87,87,0.0,1
Adam_Scott\1\1.2811.jpg,0,172,96,89,89,0.0,1
Adam_Scott\1\1.2812.jpg,0,170,95,85,85,0.0,1
Adam_Scott\1\1.2813.jpg,0,171,96,86,86,0.0,1
Adam_Scott\1\1.2814.jpg,0,171,96,88,88,0.0,1
Adam_Scott\1\1.2815.jpg,0,170,96,88,88,0.0,1
Adam_Scott\1\1.2816.jpg,0,169,95,87,87,0.0,1
Adam_Scott\1\1.2817.jpg,0,169,95,90,90,0.0,1
Adam_Scott\1\1.2818.jpg,0,168,95,89,89,0.0,1
Adam_Scott\1\1.2819.jpg,0,169,97,90,90,0.0,1
Adam_Scott\1\1.2820.jpg,0,168,97,90,90,0.0,1
Adam_Scott\1\1.2821.jpg,0,166,96,84,84,0.0,1
Adam_Scott\1\1.2822.jpg,0,166,96,85,85,0.0,1
Adam_Scott\1\1.2823.jpg,0,168,96,86,86,0.0,1
Adam_Scott\1\1.2824.jpg,0,168,97,89,89,0.0,1
Adam_Scott\1\1.2825.jpg,0,170,97,88,88,0.0,1
Adam_Scott\1\1.2826.jpg,0,170,95,82,82,0.0,1
Adam_Scott\1\1.2827.jpg,0,172,96,83,83,0.0,1
Adam_Scott\1\1.2828.jpg,0,173,97,83,83,0.0,1
Adam_Scott\1\1.2829.jpg,0,174,97,86,86,0.0,1
Adam_Scott\1\1.2830.jpg,0,174,96,89,89,0.0,1
Adam_Scott\1\1.2831.jpg,0,175,96,84,84,0.0,1
Adam_Scott\1\1.2832.jpg,0,175,96,87,87,0.0,1
Adam_Scott\1\1.2833.jpg,0,175,96,85,85,0.0,1
Adam_Scott\1\1.2834.jpg,0,177,96,86,86,0.0,1
Adam_Scott\1\1.2835.jpg,0,177,96,85,85,0.0,1
Adam_Scott\1\1.2836.jpg,0,178,96,87,87,0.0,1
Adam_Scott\1\1.2837.jpg,0,179,96,87,87,0.0,1
Adam_Scott\1\1.2838.jpg,0,179,95,89,89,0.0,1
Adam_Scott\1\1.2839.jpg,0,180,95,92,92,0.0,1
Adam_Scott\1\1.2840.jpg,0,179,95,91,91,0.0,1
Adam_Scott\1\1.2841.jpg,0,180,95,88,88,0.0,1
Adam_Scott\1\1.2842.jpg,0,180,95,88,88,0.0,1
Adam_Scott\1\1.2843.jpg,0,179,96,89,89,0.0,1
Adam_Scott\1\1.2844.jpg,0,179,96,87,87,0.0,1
Adam_Scott\1\1.2845.jpg,0,179,95,87,87,0.0,1
Adam_Scott\1\1.2846.jpg,0,180,96,86,86,0.0,1
Adam_Scott\1\1.2847.jpg,0,180,95,89,89,0.0,1
Adam_Scott\1\1.2848.jpg,0,179,95,87,87,0.0,1
Adam_Scott\1\1.2849.jpg,0,180,96,88,88,0.0,1
Adam_Scott\1\1.2850.jpg,0,180,95,86,86,0.0,1
Adam_Scott\1\1.2851.jpg,0,179,96,84,84,0.0,1
Adam_Scott\1\1.2852.jpg,0,179,96,86,86,0.0,1
Adam_Scott\1\1.2853.jpg,0,178,95,85,85,0.0,1
Adam_Scott\1\1.2854.jpg,0,178,95,85,85,0.0,1
Adam_Scott\1\1.2855.jpg,0,178,95,83,83,0.0,1
Adam_Scott\1\1.2856.jpg,0,178,95,85,85,0.0,1
Adam_Scott\1\1.2857.jpg,0,178,94,87,87,0.0,1
Adam_Scott\1\1.2858.jpg,0,178,95,85,85,0.0,1
Adam_Scott\1\1.2859.jpg,0,178,94,87,87,0.0,1
Adam_Scott\1\1.2860.jpg,0,178,94,85,85,0.0,1
Adam_Scott\1\1.2861.jpg,0,178,95,88,88,0.0,1
Adam_Scott\1\1.2862.jpg,0,179,95,86,86,0.0,1
Adam_Scott\1\1.2863.jpg,0,178,95,86,86,0.0,1
Adam_Scott\1\1.2864.jpg,0,178,96,88,88,0.0,1
Adam_Scott\1\1.2865.jpg,0,178,95,87,87,0.0,1
Adam_Scott\1\1.2866.jpg,0,178,95,87,87,0.0,1
Adam_Scott\1\1.2867.jpg,0,177,95,87,87,0.0,1
Adam_Scott\1\1.2868.jpg,0,178,96,88,88,0.0,1
Adam_Scott\1\1.2869.jpg,0,178,95,87,87,0.0,1
Adam_Scott\1\1.2870.jpg,0,179,96,88,88,0.0,1
Adam_Scott\1\1.2871.jpg,0,178,96,87,87,0.0,1
Adam_Scott\1\1.2872.jpg,0,178,96,87,87,0.0,1
Adam_Scott\1\1.2873.jpg,0,178,96,86,86,0.0,1
Adam_Scott\1\1.2874.jpg,0,177,96,87,87,0.0,1
Adam_Scott\1\1.2875.jpg,0,178,96,86,86,0.0,1
Adam_Scott\1\1.2876.jpg,0,177,96,84,84,0.0,1
Adam_Scott\1\1.2877.jpg,0,177,96,86,86,0.0,1
Adam_Scott\1\1.2878.jpg,0,176,95,85,85,0.0,1
Adam_Scott\1\1.2879.jpg,0,176,95,85,85,0.0,1
Adam_Scott\1\1.2880.jpg,0,176,95,85,85,0.0,1
Adam_Scott\1\1.2881.jpg,0,177,96,86,86,0.0,1
Adam_Scott\1\1.2882.jpg,0,177,96,86,86,0.0,1
Adam_Scott\1\1.2883.jpg,0,176,96,84,84,0.0,1
Adam_Scott\1\1.2884.jpg,0,176,96,85,85,0.0,1
Adam_Scott\1\1.2885.jpg,0,177,97,86,86,0.0,1
Adam_Scott\1\1.2886.jpg,0,176,97,85,85,0.0,1
Adam_Scott\1\1.2887.jpg,0,176,97,86,86,0.0,1
Adam_Scott\1\1.2888.jpg,0,176,96,85,85,0.0,1
Adam_Scott\1\1.2889.jpg,0,175,97,84,84,0.0,1
Adam_Scott\1\1.2890.jpg,0,175,97,83,83,0.0,1
Adam_Scott\1\1.2891.jpg,0,174,96,83,83,0.0,1
Adam_Scott\1\1.2892.jpg,0,175,97,85,85,0.0,1
Adam_Scott\1\1.2893.jpg,0,175,96,83,83,0.0,1
Adam_Scott\1\1.2894.jpg,0,176,97,85,85,0.0,1
Adam_Scott\1\1.2895.jpg,0,176,97,84,84,0.0,1
Adam_Scott\1\1.2896.jpg,0,176,97,84,84,0.0,1
Adam_Scott\1\1.2897.jpg,0,175,97,83,83,0.0,1
Adam_Scott\1\1.2898.jpg,0,175,97,82,82,0.0,1
Adam_Scott\1\1.2899.jpg,0,174,96,82,82,0.0,1
Adam_Scott\1\1.2900.jpg,0,175,96,84,84,0.0,1
Adam_Scott\1\1.2901.jpg,0,175,96,85,85,0.0,1
Adam_Scott\1\1.2902.jpg,0,176,96,88,88,0.0,1
Adam_Scott\1\1.2903.jpg,0,175,97,84,84,0.0,1
Adam_Scott\1\1.2904.jpg,0,174,96,84,84,0.0,1
Adam_Scott\1\1.2905.jpg,0,175,97,84,84,0.0,1
Adam_Scott\1\1.2906.jpg,0,174,96,85,85,0.0,1
Adam_Scott\1\1.2907.jpg,0,174,97,84,84,0.0,1
Adam_Scott\1\1.2908.jpg,0,173,96,83,83,0.0,1
Adam_Scott\1\1.2909.jpg,0,174,97,85,85,0.0,1
Adam_Scott\1\1.2910.jpg,0,173,97,82,82,0.0,1
Adam_Scott\1\1.2911.jpg,0,172,97,85,85,0.0,1
Adam_Scott\1\1.2912.jpg,0,172,97,87,87,0.0,1
Adam_Scott\1\1.2913.jpg,0,173,97,86,86,0.0,1
Adam_Scott\1\1.2914.jpg,0,173,96,87,87,0.0,1
Adam_Scott\1\1.2915.jpg,0,172,97,88,88,0.0,1
Adam_Scott\1\1.2916.jpg,0,173,97,86,86,0.0,1
Adam_Scott\1\1.2917.jpg,0,173,96,86,86,0.0,1
Adam_Scott\1\1.2918.jpg,0,173,96,85,85,0.0,1
Adam_Scott\1\1.2919.jpg,0,174,96,84,84,0.0,1
Adam_Scott\1\1.2920.jpg,0,174,97,87,87,0.0,1
Adam_Scott\1\1.2921.jpg,0,174,98,91,91,0.0,1
Adam_Scott\1\1.2922.jpg,0,176,96,87,87,0.0,1
Adam_Scott\1\1.2923.jpg,0,178,96,89,89,0.0,1
Adam_Scott\1\1.2924.jpg,0,178,97,86,86,0.0,1
Adam_Scott\1\1.2925.jpg,0,179,96,89,89,0.0,1
Adam_Scott\1\1.2926.jpg,0,179,96,86,86,0.0,1
Adam_Scott\1\1.2927.jpg,0,178,95,87,87,0.0,1
Adam_Scott\1\1.2928.jpg,0,179,95,87,87,0.0,1
Adam_Scott\1\1.2929.jpg,0,180,96,88,88,0.0,1
Adam_Scott\1\1.2930.jpg,0,179,96,87,87,0.0,1
Adam_Scott\1\1.2931.jpg,0,179,95,87,87,0.0,1
Adam_Scott\1\1.2932.jpg,0,181,96,88,88,0.0,1
Adam_Scott\1\1.2933.jpg,0,181,96,89,89,0.0,1
Adam_Scott\1\1.2934.jpg,0,181,96,90,90,0.0,1
Adam_Scott\1\1.2935.jpg,0,181,95,91,91,0.0,1
Adam_Scott\1\1.2936.jpg,0,182,96,90,90,0.0,1
Adam_Scott\1\1.2937.jpg,0,182,95,90,90,0.0,1
Adam_Scott\1\1.2938.jpg,0,182,95,89,89,0.0,1
Adam_Scott\1\1.2939.jpg,0,182,95,90,90,0.0,1
Adam_Scott\1\1.2940.jpg,0,182,96,90,90,0.0,1
Adam_Scott\1\1.2941.jpg,0,181,95,89,89,0.0,1
Adam_Scott\1\1.2942.jpg,0,181,95,86,86,0.0,1
Adam_Scott\1\1.2943.jpg,0,180,95,89,89,0.0,1
Adam_Scott\1\1.2944.jpg,0,179,96,86,86,0.0,1
Adam_Scott\1\1.2945.jpg,0,177,95,85,85,0.0,1
Adam_Scott\1\1.2946.jpg,0,176,95,85,85,0.0,1
Adam_Scott\1\1.2947.jpg,0,177,95,86,86,0.0,1
Adam_Scott\1\1.2948.jpg,0,179,96,90,90,0.0,1
Adam_Scott\1\1.2949.jpg,0,177,95,87,87,0.0,1
Adam_Scott\1\1.2950.jpg,0,178,94,86,86,0.0,1
Adam_Scott\1\1.2951.jpg,0,178,94,84,84,0.0,1
Adam_Scott\1\1.2952.jpg,0,178,95,88,88,0.0,1
Adam_Scott\1\1.2953.jpg,0,178,95,89,89,0.0,1
Adam_Scott\1\1.2954.jpg,0,178,96,86,86,0.0,1
Adam_Scott\1\1.2955.jpg,0,177,97,85,85,0.0,1
Adam_Scott\1\1.2956.jpg,0,178,98,87,87,0.0,1
Adam_Scott\1\1.2957.jpg,0,178,97,86,86,0.0,1
Adam_Scott\1\1.2958.jpg,0,178,96,85,85,0.0,1
Adam_Scott\1\1.2959.jpg,0,177,96,83,83,0.0,1
Adam_Scott\1\1.2960.jpg,0,178,96,87,87,0.0,1
Adam_Scott\1\1.2961.jpg,0,179,95,87,87,0.0,1
Adam_Scott\1\1.2962.jpg,0,179,95,89,89,0.0,1
Adam_Scott\1\1.2963.jpg,0,180,95,87,87,0.0,1
