Will_Self\4\4.2032.jpg,1,135,111,53,53,0.0,1
Will_Self\4\4.2033.jpg,1,136,111,53,53,0.0,1
Will_Self\4\4.2034.jpg,1,136,111,53,53,0.0,1
Will_Self\4\4.2035.jpg,0,136,111,53,53,0.0,1
Will_Self\4\4.2036.jpg,0,136,111,53,53,0.0,1
Will_Self\4\4.2037.jpg,0,136,111,53,53,0.0,1
Will_Self\4\4.2038.jpg,0,136,111,53,53,0.0,1
Will_Self\4\4.2039.jpg,0,136,111,53,53,0.0,1
Will_Self\4\4.2040.jpg,0,136,111,53,53,0.0,1
Will_Self\4\4.2041.jpg,0,136,111,53,53,0.0,1
Will_Self\4\4.2042.jpg,0,136,111,53,53,0.0,1
Will_Self\4\4.2043.jpg,0,136,111,53,53,0.0,1
Will_Self\4\4.2044.jpg,0,136,111,53,53,0.0,1
Will_Self\4\4.2045.jpg,0,136,111,53,53,0.0,1
Will_Self\4\4.2046.jpg,0,135,111,53,53,0.0,1
Will_Self\4\4.2047.jpg,0,135,111,53,53,0.0,1
Will_Self\4\4.2048.jpg,0,135,111,53,53,0.0,1
Will_Self\4\4.2049.jpg,0,136,111,53,53,0.0,1
Will_Self\4\4.2050.jpg,0,135,111,53,53,0.0,1
Will_Self\4\4.2051.jpg,0,136,111,52,52,0.0,1
Will_Self\4\4.2052.jpg,0,135,110,51,51,0.0,1
Will_Self\4\4.2053.jpg,0,135,110,52,52,0.0,1
Will_Self\4\4.2054.jpg,0,136,111,52,52,0.0,1
Will_Self\4\4.2055.jpg,0,135,110,53,53,0.0,1
Will_Self\4\4.2056.jpg,0,135,110,52,52,0.0,1
Will_Self\4\4.2057.jpg,0,135,110,53,53,0.0,1
Will_Self\4\4.2058.jpg,0,135,110,52,52,0.0,1
Will_Self\4\4.2059.jpg,0,135,109,53,53,0.0,1
Will_Self\4\4.2060.jpg,0,134,108,53,53,0.0,1
Will_Self\4\4.2061.jpg,0,135,108,52,52,0.0,1
Will_Self\4\4.2062.jpg,0,134,107,53,53,0.0,1
Will_Self\4\4.2063.jpg,0,133,106,53,53,0.0,1
Will_Self\4\4.2064.jpg,0,134,105,52,52,0.0,1
Will_Self\4\4.2065.jpg,0,133,104,53,53,0.0,1
Will_Self\4\4.2066.jpg,0,132,103,54,54,0.0,1
Will_Self\4\4.2067.jpg,0,131,102,53,53,0.0,1
Will_Self\4\4.2068.jpg,0,130,100,53,53,0.0,1
Will_Self\4\4.2069.jpg,0,130,100,53,53,0.0,1
Will_Self\4\4.2070.jpg,0,129,100,54,54,0.0,1
Will_Self\4\4.2071.jpg,0,128,99,53,53,0.0,1
Will_Self\4\4.2072.jpg,0,126,98,55,55,0.0,1
Will_Self\4\4.2073.jpg,0,125,97,54,54,0.0,1
Will_Self\4\4.2074.jpg,0,125,97,54,54,0.0,1
Will_Self\4\4.2075.jpg,0,123,96,55,55,0.0,1
Will_Self\4\4.2076.jpg,0,122,96,53,53,0.0,1
Will_Self\4\4.2077.jpg,0,121,95,54,54,0.0,1
Will_Self\4\4.2078.jpg,0,120,95,54,54,0.0,1
Will_Self\4\4.2079.jpg,0,119,95,54,54,0.0,1
Will_Self\4\4.2080.jpg,0,119,95,54,54,0.0,1
Will_Self\4\4.2081.jpg,0,118,94,55,55,0.0,1
Will_Self\4\4.2082.jpg,0,118,94,54,54,0.0,1
Will_Self\4\4.2083.jpg,0,117,94,55,55,0.0,1
Will_Self\4\4.2084.jpg,0,117,95,54,54,0.0,1
Will_Self\4\4.2085.jpg,0,116,94,55,55,0.0,1
Will_Self\4\4.2086.jpg,0,116,94,54,54,0.0,1
Will_Self\4\4.2087.jpg,0,115,94,55,55,0.0,1
Will_Self\4\4.2088.jpg,0,116,95,54,54,0.0,1
Will_Self\4\4.2089.jpg,0,116,95,55,55,0.0,1
Will_Self\4\4.2090.jpg,0,117,95,54,54,0.0,1
Will_Self\4\4.2091.jpg,0,117,95,54,54,0.0,1
Will_Self\4\4.2092.jpg,0,117,96,54,54,0.0,1
Will_Self\4\4.2093.jpg,0,118,96,54,54,0.0,1
Will_Self\4\4.2094.jpg,0,118,96,53,53,0.0,1
Will_Self\4\4.2095.jpg,0,118,96,55,55,0.0,1
Will_Self\4\4.2096.jpg,0,119,96,55,55,0.0,1
Will_Self\4\4.2097.jpg,0,120,97,56,56,0.0,1
Will_Self\4\4.2098.jpg,0,120,97,55,55,0.0,1
Will_Self\4\4.2099.jpg,0,122,98,54,54,0.0,1
Will_Self\4\4.2100.jpg,0,122,98,54,54,0.0,1
Will_Self\4\4.2101.jpg,0,122,98,55,55,0.0,1
Will_Self\4\4.2102.jpg,0,123,98,54,54,0.0,1
Will_Self\4\4.2103.jpg,0,123,98,54,54,0.0,1
Will_Self\4\4.2104.jpg,0,123,98,53,53,0.0,1
Will_Self\4\4.2105.jpg,0,124,99,54,54,0.0,1
Will_Self\4\4.2106.jpg,0,124,99,54,54,0.0,1
Will_Self\4\4.2107.jpg,0,125,99,54,54,0.0,1
Will_Self\4\4.2108.jpg,0,124,99,55,55,0.0,1
Will_Self\4\4.2109.jpg,0,126,99,56,56,0.0,1
Will_Self\4\4.2110.jpg,0,126,99,56,56,0.0,1
Will_Self\4\4.2111.jpg,0,126,99,55,55,0.0,1
Will_Self\4\4.2112.jpg,0,127,99,55,55,0.0,1
Will_Self\4\4.2113.jpg,1,127,100,55,55,0.0,1
Will_Self\4\4.2114.jpg,1,128,99,53,53,0.0,1
Will_Self\4\4.2115.jpg,0,129,100,54,54,0.0,1
Will_Self\4\4.2116.jpg,1,130,100,54,54,0.0,1
