Will_Young\5\5.331.jpg,0,323,146,109,109,0.0,1
Will_Young\5\5.332.jpg,0,323,145,109,109,0.0,1
Will_Young\5\5.333.jpg,0,325,146,108,108,0.0,1
Will_Young\5\5.334.jpg,0,325,145,109,109,0.0,1
Will_Young\5\5.335.jpg,0,326,145,106,106,0.0,1
Will_Young\5\5.336.jpg,0,325,145,106,106,0.0,1
Will_Young\5\5.337.jpg,0,325,145,107,107,0.0,1
Will_Young\5\5.338.jpg,0,326,145,106,106,0.0,1
Will_Young\5\5.339.jpg,0,326,144,105,105,0.0,1
Will_Young\5\5.340.jpg,0,327,145,104,104,0.0,1
Will_Young\5\5.341.jpg,0,327,146,106,106,0.0,1
Will_Young\5\5.342.jpg,0,327,146,108,108,0.0,1
Will_Young\5\5.343.jpg,0,326,146,106,106,0.0,1
Will_Young\5\5.344.jpg,0,326,146,109,109,0.0,1
Will_Young\5\5.345.jpg,0,325,147,108,108,0.0,1
Will_Young\5\5.346.jpg,0,325,146,106,106,0.0,1
Will_Young\5\5.347.jpg,0,325,147,104,104,0.0,1
Will_Young\5\5.348.jpg,0,326,146,102,102,0.0,1
Will_Young\5\5.349.jpg,0,325,146,106,106,0.0,1
Will_Young\5\5.350.jpg,0,324,145,105,105,0.0,1
Will_Young\5\5.351.jpg,0,324,145,103,103,0.0,1
Will_Young\5\5.352.jpg,0,324,146,106,106,0.0,1
Will_Young\5\5.353.jpg,0,324,145,106,106,0.0,1
Will_Young\5\5.354.jpg,0,322,144,105,105,0.0,1
Will_Young\5\5.355.jpg,0,322,145,104,104,0.0,1
Will_Young\5\5.356.jpg,0,322,145,108,108,0.0,1
Will_Young\5\5.357.jpg,0,320,146,107,107,0.0,1
Will_Young\5\5.358.jpg,0,322,146,106,106,0.0,1
Will_Young\5\5.359.jpg,0,321,147,104,104,0.0,1
Will_Young\5\5.360.jpg,0,319,146,103,103,0.0,1
Will_Young\5\5.361.jpg,0,319,147,104,104,0.0,1
Will_Young\5\5.362.jpg,0,319,147,103,103,0.0,1
Will_Young\5\5.363.jpg,0,319,148,104,104,0.0,1
Will_Young\5\5.364.jpg,0,319,148,106,106,0.0,1
Will_Young\5\5.365.jpg,0,317,148,102,102,0.0,1
Will_Young\5\5.366.jpg,0,317,149,102,102,0.0,1
Will_Young\5\5.367.jpg,0,316,149,103,103,0.0,1
Will_Young\5\5.368.jpg,0,315,150,103,103,0.0,1
Will_Young\5\5.369.jpg,0,314,149,103,103,0.0,1
Will_Young\5\5.370.jpg,0,314,149,104,104,0.0,1
Will_Young\5\5.371.jpg,0,313,149,103,103,0.0,1
Will_Young\5\5.372.jpg,0,312,149,103,103,0.0,1
Will_Young\5\5.373.jpg,0,312,149,103,103,0.0,1
Will_Young\5\5.374.jpg,0,312,150,104,104,0.0,1
Will_Young\5\5.375.jpg,0,312,150,104,104,0.0,1
Will_Young\5\5.376.jpg,0,312,149,104,104,0.0,1
Will_Young\5\5.377.jpg,0,312,149,102,102,0.0,1
Will_Young\5\5.378.jpg,0,311,149,103,103,0.0,1
Will_Young\5\5.379.jpg,0,312,150,102,102,0.0,1
Will_Young\5\5.380.jpg,0,313,150,104,104,0.0,1
Will_Young\5\5.381.jpg,0,312,149,103,103,0.0,1
Will_Young\5\5.382.jpg,0,313,149,104,104,0.0,1
Will_Young\5\5.383.jpg,0,312,149,105,105,0.0,1
Will_Young\5\5.384.jpg,0,313,150,106,106,0.0,1
Will_Young\5\5.385.jpg,0,313,148,106,106,0.0,1
Will_Young\5\5.386.jpg,0,313,149,104,104,0.0,1
Will_Young\5\5.387.jpg,0,313,148,104,104,0.0,1
Will_Young\5\5.388.jpg,0,312,149,107,107,0.0,1
Will_Young\5\5.389.jpg,0,313,148,108,108,0.0,1
Will_Young\5\5.390.jpg,0,314,149,107,107,0.0,1
Will_Young\5\5.391.jpg,0,315,148,106,106,0.0,1
Will_Young\5\5.392.jpg,0,314,148,106,106,0.0,1
Will_Young\5\5.393.jpg,0,315,148,106,106,0.0,1
Will_Young\5\5.394.jpg,0,315,147,107,107,0.0,1
Will_Young\5\5.395.jpg,0,315,148,109,109,0.0,1
Will_Young\5\5.396.jpg,0,316,147,107,107,0.0,1
Will_Young\5\5.397.jpg,0,316,147,108,108,0.0,1
Will_Young\5\5.398.jpg,0,315,146,107,107,0.0,1
Will_Young\5\5.399.jpg,0,316,147,109,109,0.0,1
Will_Young\5\5.400.jpg,0,315,146,110,110,0.0,1
Will_Young\5\5.401.jpg,0,315,145,112,112,0.0,1
Will_Young\5\5.402.jpg,0,314,145,110,110,0.0,1
Will_Young\5\5.403.jpg,0,314,146,116,116,0.0,1
Will_Young\5\5.404.jpg,0,314,145,113,113,0.0,1
Will_Young\5\5.405.jpg,0,314,145,112,112,0.0,1
Will_Young\5\5.406.jpg,0,314,146,116,116,0.0,1
Will_Young\5\5.407.jpg,0,313,144,113,113,0.0,1
Will_Young\5\5.408.jpg,0,314,144,113,113,0.0,1
Will_Young\5\5.409.jpg,0,315,146,116,116,0.0,1
Will_Young\5\5.410.jpg,0,313,144,114,114,0.0,1
Will_Young\5\5.411.jpg,0,315,143,111,111,0.0,1
Will_Young\5\5.412.jpg,0,316,144,111,111,0.0,1
Will_Young\5\5.413.jpg,0,315,143,113,113,0.0,1
Will_Young\5\5.414.jpg,0,316,144,112,112,0.0,1
Will_Young\5\5.415.jpg,0,316,144,112,112,0.0,1
Will_Young\5\5.416.jpg,0,315,143,112,112,0.0,1
Will_Young\5\5.417.jpg,0,314,143,114,114,0.0,1
Will_Young\5\5.418.jpg,0,314,142,112,112,0.0,1
Will_Young\5\5.419.jpg,0,314,143,115,115,0.0,1
Will_Young\5\5.420.jpg,0,315,143,116,116,0.0,1
Will_Young\5\5.421.jpg,0,315,143,114,114,0.0,1
Will_Young\5\5.422.jpg,0,316,142,114,114,0.0,1
Will_Young\5\5.423.jpg,0,317,143,112,112,0.0,1
Will_Young\5\5.424.jpg,0,317,144,113,113,0.0,1
Will_Young\5\5.425.jpg,0,319,145,114,114,0.0,1
Will_Young\5\5.426.jpg,0,319,144,113,113,0.0,1
Will_Young\5\5.427.jpg,0,320,145,112,112,0.0,1
Will_Young\5\5.428.jpg,0,321,145,112,112,0.0,1
Will_Young\5\5.429.jpg,0,321,145,113,113,0.0,1
Will_Young\5\5.430.jpg,0,321,144,117,117,0.0,1
Will_Young\5\5.431.jpg,0,323,143,114,114,0.0,1
Will_Young\5\5.432.jpg,0,321,144,117,117,0.0,1
Will_Young\5\5.433.jpg,0,322,145,118,118,0.0,1
Will_Young\5\5.434.jpg,0,322,146,118,118,0.0,1
Will_Young\5\5.435.jpg,0,322,145,117,117,0.0,1
Will_Young\5\5.436.jpg,0,321,146,117,117,0.0,1
Will_Young\5\5.437.jpg,0,323,148,116,116,0.0,1
Will_Young\5\5.438.jpg,0,321,149,117,117,0.0,1
Will_Young\5\5.439.jpg,0,321,149,114,114,0.0,1
Will_Young\5\5.440.jpg,0,320,150,114,114,0.0,1
Will_Young\5\5.441.jpg,0,320,150,115,115,0.0,1
Will_Young\5\5.442.jpg,0,320,150,115,115,0.0,1
Will_Young\5\5.443.jpg,0,319,151,117,117,0.0,1
Will_Young\5\5.444.jpg,0,318,153,117,117,0.0,1
Will_Young\5\5.445.jpg,0,319,153,118,118,0.0,1
Will_Young\5\5.446.jpg,0,319,155,120,120,0.0,1
Will_Young\5\5.447.jpg,0,318,154,117,117,0.0,1
Will_Young\5\5.448.jpg,0,318,154,117,117,0.0,1
Will_Young\5\5.449.jpg,0,318,156,118,118,0.0,1
Will_Young\5\5.450.jpg,0,317,156,120,120,0.0,1
Will_Young\5\5.451.jpg,0,317,155,119,119,0.0,1
Will_Young\5\5.452.jpg,0,317,155,119,119,0.0,1
Will_Young\5\5.453.jpg,0,317,155,119,119,0.0,1
Will_Young\5\5.454.jpg,0,316,156,117,117,0.0,1
Will_Young\5\5.455.jpg,0,317,157,120,120,0.0,1
Will_Young\5\5.456.jpg,0,313,156,117,117,0.0,1
Will_Young\5\5.457.jpg,0,314,157,119,119,0.0,1
Will_Young\5\5.458.jpg,0,313,156,121,121,0.0,1
Will_Young\5\5.459.jpg,0,312,157,120,120,0.0,1
Will_Young\5\5.460.jpg,0,311,157,120,120,0.0,1
Will_Young\5\5.461.jpg,0,311,157,118,118,0.0,1
Will_Young\5\5.462.jpg,0,311,157,120,120,0.0,1
Will_Young\5\5.463.jpg,0,309,157,121,121,0.0,1
Will_Young\5\5.464.jpg,0,309,158,122,122,0.0,1
Will_Young\5\5.465.jpg,0,308,158,119,119,0.0,1
Will_Young\5\5.466.jpg,0,308,159,120,120,0.0,1
Will_Young\5\5.467.jpg,0,307,158,119,119,0.0,1
Will_Young\5\5.468.jpg,0,307,158,121,121,0.0,1
Will_Young\5\5.469.jpg,0,306,159,123,123,0.0,1
Will_Young\5\5.470.jpg,0,306,159,122,122,0.0,1
Will_Young\5\5.471.jpg,0,306,159,123,123,0.0,1
Will_Young\5\5.472.jpg,0,306,160,124,124,0.0,1
Will_Young\5\5.473.jpg,0,306,159,124,124,0.0,1
Will_Young\5\5.474.jpg,0,307,160,120,120,0.0,1
Will_Young\5\5.475.jpg,0,307,160,123,123,0.0,1
Will_Young\5\5.476.jpg,0,308,159,124,124,0.0,1
Will_Young\5\5.477.jpg,0,308,158,121,121,0.0,1
Will_Young\5\5.478.jpg,0,309,158,121,121,0.0,1
Will_Young\5\5.479.jpg,0,309,158,123,123,0.0,1
Will_Young\5\5.480.jpg,0,310,157,123,123,0.0,1
Will_Young\5\5.481.jpg,0,311,156,120,120,0.0,1
Will_Young\5\5.482.jpg,0,312,155,122,122,0.0,1
Will_Young\5\5.483.jpg,0,313,156,124,124,0.0,1
Will_Young\5\5.484.jpg,0,314,155,124,124,0.0,1
Will_Young\5\5.485.jpg,0,316,153,125,125,0.0,1
Will_Young\5\5.486.jpg,0,317,154,124,124,0.0,1
Will_Young\5\5.487.jpg,0,316,153,123,123,0.0,1
Will_Young\5\5.488.jpg,0,317,152,124,124,0.0,1
Will_Young\5\5.489.jpg,0,316,153,125,125,0.0,1
Will_Young\5\5.490.jpg,0,316,152,127,127,0.0,1
Will_Young\5\5.491.jpg,0,315,153,124,124,0.0,1
Will_Young\5\5.492.jpg,0,315,153,126,126,0.0,1
Will_Young\5\5.493.jpg,0,314,152,125,125,0.0,1
Will_Young\5\5.494.jpg,0,313,153,125,125,0.0,1
Will_Young\5\5.495.jpg,0,313,153,129,129,0.0,1
Will_Young\5\5.496.jpg,0,314,153,130,130,0.0,1
Will_Young\5\5.497.jpg,0,313,153,126,126,0.0,1
Will_Young\5\5.498.jpg,0,313,153,129,129,0.0,1
Will_Young\5\5.499.jpg,0,313,154,129,129,0.0,1
Will_Young\5\5.500.jpg,0,314,155,128,128,0.0,1
Will_Young\5\5.501.jpg,0,314,156,126,126,0.0,1
Will_Young\5\5.502.jpg,0,313,155,127,127,0.0,1
Will_Young\5\5.503.jpg,0,313,156,128,128,0.0,1
Will_Young\5\5.504.jpg,0,312,155,127,127,0.0,1
Will_Young\5\5.505.jpg,0,313,155,127,127,0.0,1
Will_Young\5\5.506.jpg,0,313,155,128,128,0.0,1
Will_Young\5\5.507.jpg,0,313,156,129,129,0.0,1
Will_Young\5\5.508.jpg,0,313,155,129,129,0.0,1
Will_Young\5\5.509.jpg,0,314,156,130,130,0.0,1
Will_Young\5\5.510.jpg,0,313,155,131,131,0.0,1
Will_Young\5\5.511.jpg,0,314,155,130,130,0.0,1
Will_Young\5\5.512.jpg,0,315,155,131,131,0.0,1
Will_Young\5\5.513.jpg,0,315,156,131,131,0.0,1
Will_Young\5\5.514.jpg,0,315,158,132,132,0.0,1
Will_Young\5\5.515.jpg,0,316,159,132,132,0.0,1
Will_Young\5\5.516.jpg,0,315,158,131,131,0.0,1
Will_Young\5\5.517.jpg,0,316,159,132,132,0.0,1
Will_Young\5\5.518.jpg,0,317,160,130,130,0.0,1
Will_Young\5\5.519.jpg,0,317,161,133,133,0.0,1
Will_Young\5\5.520.jpg,0,317,162,132,132,0.0,1
Will_Young\5\5.521.jpg,0,317,161,131,131,0.0,1
Will_Young\5\5.522.jpg,0,317,162,131,131,0.0,1
Will_Young\5\5.523.jpg,0,319,163,132,132,0.0,1
Will_Young\5\5.524.jpg,0,318,162,131,131,0.0,1
Will_Young\5\5.525.jpg,0,318,162,135,135,0.0,1
Will_Young\5\5.526.jpg,0,320,162,136,136,0.0,1
Will_Young\5\5.527.jpg,0,321,162,136,136,0.0,1
Will_Young\5\5.528.jpg,0,322,161,133,133,0.0,1
Will_Young\5\5.529.jpg,0,322,160,135,135,0.0,1
Will_Young\5\5.530.jpg,0,323,161,136,136,0.0,1
Will_Young\5\5.531.jpg,0,325,161,137,137,0.0,1
Will_Young\5\5.532.jpg,0,328,161,136,136,0.0,1
Will_Young\5\5.533.jpg,0,332,160,137,137,0.0,1
Will_Young\5\5.534.jpg,0,332,159,135,135,0.0,1
Will_Young\5\5.535.jpg,0,333,159,138,138,0.0,1
Will_Young\5\5.536.jpg,0,333,158,138,138,0.0,1
Will_Young\5\5.537.jpg,0,334,159,136,136,0.0,1
Will_Young\5\5.538.jpg,0,334,158,140,140,0.0,1
Will_Young\5\5.539.jpg,0,332,158,141,141,0.0,1
Will_Young\5\5.540.jpg,0,331,159,141,141,0.0,1
Will_Young\5\5.541.jpg,0,332,159,140,140,0.0,1
Will_Young\5\5.542.jpg,0,331,159,143,143,0.0,1
Will_Young\5\5.543.jpg,0,332,159,142,142,0.0,1
Will_Young\5\5.544.jpg,0,331,159,141,141,0.0,1
Will_Young\5\5.545.jpg,0,330,159,143,143,0.0,1
Will_Young\5\5.546.jpg,0,331,159,142,142,0.0,1
Will_Young\5\5.547.jpg,0,331,158,140,140,0.0,1
Will_Young\5\5.548.jpg,0,331,157,140,140,0.0,1
Will_Young\5\5.549.jpg,0,330,157,142,142,0.0,1
Will_Young\5\5.550.jpg,0,330,158,144,144,0.0,1
Will_Young\5\5.551.jpg,0,329,157,142,142,0.0,1
Will_Young\5\5.552.jpg,0,328,156,143,143,0.0,1
Will_Young\5\5.553.jpg,0,328,156,145,145,0.0,1
Will_Young\5\5.554.jpg,0,328,155,141,141,0.0,1
Will_Young\5\5.555.jpg,0,329,156,144,144,0.0,1
Will_Young\5\5.556.jpg,0,327,155,143,143,0.0,1
Will_Young\5\5.557.jpg,0,327,156,144,144,0.0,1
Will_Young\5\5.558.jpg,0,327,155,149,149,0.0,1
Will_Young\5\5.559.jpg,0,327,155,145,145,0.0,1
Will_Young\5\5.560.jpg,0,328,153,145,145,0.0,1
Will_Young\5\5.561.jpg,0,329,153,146,146,0.0,1
Will_Young\5\5.562.jpg,0,329,153,149,149,0.0,1
Will_Young\5\5.563.jpg,0,331,153,150,150,0.0,1
Will_Young\5\5.564.jpg,0,330,152,147,147,0.0,1
Will_Young\5\5.565.jpg,0,332,151,147,147,0.0,1
Will_Young\5\5.566.jpg,0,333,152,148,148,0.0,1
Will_Young\5\5.567.jpg,0,333,151,150,150,0.0,1
Will_Young\5\5.568.jpg,0,333,151,155,155,0.0,1
Will_Young\5\5.569.jpg,0,334,150,156,156,0.0,1
Will_Young\5\5.570.jpg,0,334,149,159,159,0.0,1
Will_Young\5\5.571.jpg,0,336,149,159,159,0.0,1
Will_Young\5\5.572.jpg,0,338,149,156,156,0.0,1
Will_Young\5\5.573.jpg,0,338,149,153,153,0.0,1
Will_Young\5\5.574.jpg,0,340,150,155,155,0.0,1
Will_Young\5\5.575.jpg,0,341,151,155,155,0.0,1
Will_Young\5\5.576.jpg,0,342,152,155,155,0.0,1
Will_Young\5\5.577.jpg,0,343,154,153,153,0.0,1
Will_Young\5\5.578.jpg,0,342,153,153,153,0.0,1
Will_Young\5\5.579.jpg,0,344,153,153,153,0.0,1
Will_Young\5\5.580.jpg,0,346,153,150,150,0.0,1
Will_Young\5\5.581.jpg,0,347,153,156,156,0.0,1
Will_Young\5\5.582.jpg,0,348,156,154,154,0.0,1
Will_Young\5\5.583.jpg,0,347,156,155,155,0.0,1
Will_Young\5\5.584.jpg,0,347,159,156,156,0.0,1
Will_Young\5\5.585.jpg,0,349,163,156,156,0.0,1
Will_Young\5\5.586.jpg,0,346,165,157,157,0.0,1
Will_Young\5\5.587.jpg,0,347,168,156,156,0.0,1
Will_Young\5\5.588.jpg,0,345,170,156,156,0.0,1
Will_Young\5\5.589.jpg,0,344,172,157,157,0.0,1
Will_Young\5\5.590.jpg,0,344,173,157,157,0.0,1
Will_Young\5\5.591.jpg,0,344,175,157,157,0.0,1
Will_Young\5\5.592.jpg,0,343,176,156,156,0.0,1
Will_Young\5\5.593.jpg,0,343,177,154,154,0.0,1
Will_Young\5\5.594.jpg,0,343,177,154,154,0.0,1
Will_Young\5\5.595.jpg,0,341,177,155,155,0.0,1
Will_Young\5\5.596.jpg,0,340,177,157,157,0.0,1
Will_Young\5\5.597.jpg,0,339,177,158,158,0.0,1
Will_Young\5\5.598.jpg,0,338,179,158,158,0.0,1
Will_Young\5\5.599.jpg,0,338,179,162,162,0.0,1
