Win_Aung\3\3.1197.jpg,0,124,102,77,77,0.0,1
Win_Aung\3\3.1198.jpg,0,124,102,77,77,0.0,1
Win_Aung\3\3.1199.jpg,0,124,102,78,78,0.0,1
Win_Aung\3\3.1200.jpg,0,124,101,79,79,0.0,1
Win_Aung\3\3.1201.jpg,0,123,102,78,78,0.0,1
Win_Aung\3\3.1202.jpg,0,121,104,77,77,0.0,1
Win_Aung\3\3.1203.jpg,0,118,104,78,78,0.0,1
Win_Aung\3\3.1204.jpg,0,118,104,78,78,0.0,1
Win_Aung\3\3.1205.jpg,0,120,104,78,78,0.0,1
Win_Aung\3\3.1206.jpg,0,115,102,76,76,0.0,1
Win_Aung\3\3.1207.jpg,0,114,106,72,72,0.0,1
Win_Aung\3\3.1208.jpg,0,113,104,79,79,0.0,1
Win_Aung\3\3.1209.jpg,0,114,103,80,80,0.0,1
Win_Aung\3\3.1210.jpg,0,114,103,80,80,0.0,1
Win_Aung\3\3.1211.jpg,0,112,104,78,78,0.0,1
Win_Aung\3\3.1212.jpg,0,118,110,96,96,0.0,1
Win_Aung\3\3.1213.jpg,0,116,112,80,80,0.0,1
Win_Aung\3\3.1214.jpg,0,117,108,81,81,0.0,1
Win_Aung\3\3.1215.jpg,0,117,107,74,74,0.0,1
Win_Aung\3\3.1216.jpg,0,117,107,74,74,0.0,1
Win_Aung\3\3.1217.jpg,0,116,110,75,75,0.0,1
Win_Aung\3\3.1218.jpg,0,121,109,90,90,0.0,1
Win_Aung\3\3.1219.jpg,0,122,107,83,83,0.0,1
Win_Aung\3\3.1220.jpg,0,124,109,83,83,0.0,1
Win_Aung\3\3.1221.jpg,0,125,110,77,77,0.0,1
Win_Aung\3\3.1222.jpg,0,125,110,77,77,0.0,1
Win_Aung\3\3.1223.jpg,0,122,113,72,72,0.0,1
Win_Aung\3\3.1224.jpg,0,120,110,79,79,0.0,1
Win_Aung\3\3.1225.jpg,0,122,113,68,68,0.0,1
Win_Aung\3\3.1226.jpg,0,123,112,78,78,0.0,1
Win_Aung\3\3.1227.jpg,0,126,113,74,74,0.0,1
Win_Aung\3\3.1228.jpg,0,126,113,74,74,0.0,1
Win_Aung\3\3.1229.jpg,0,125,113,82,82,0.0,1
Win_Aung\3\3.1230.jpg,0,126,112,67,67,0.0,1
Win_Aung\3\3.1231.jpg,0,128,108,83,83,0.0,1
Win_Aung\3\3.1232.jpg,0,129,111,77,77,0.0,1
Win_Aung\3\3.1233.jpg,0,130,110,83,83,0.0,1
Win_Aung\3\3.1234.jpg,0,130,110,83,83,0.0,1
Win_Aung\3\3.1235.jpg,0,130,112,76,76,0.0,1
Win_Aung\3\3.1236.jpg,0,131,109,77,77,0.0,1
Win_Aung\3\3.1237.jpg,0,131,111,77,77,0.0,1
Win_Aung\3\3.1238.jpg,0,131,111,77,77,0.0,1
Win_Aung\3\3.1239.jpg,0,132,112,74,74,0.0,1
Win_Aung\3\3.1240.jpg,0,132,112,74,74,0.0,1
Win_Aung\3\3.1241.jpg,0,134,112,80,80,0.0,1
Win_Aung\3\3.1242.jpg,0,130,113,75,75,0.0,1
Win_Aung\3\3.1243.jpg,0,132,113,75,75,0.0,1
Win_Aung\3\3.1244.jpg,0,133,113,73,73,0.0,1
Win_Aung\3\3.1245.jpg,0,131,112,76,76,0.0,1
Win_Aung\3\3.1246.jpg,0,131,112,76,76,0.0,1
Win_Aung\3\3.1247.jpg,0,132,110,77,77,0.0,1
Win_Aung\3\3.1248.jpg,0,133,109,77,77,0.0,1
Win_Aung\3\3.1249.jpg,0,134,112,80,80,0.0,1
Win_Aung\3\3.1250.jpg,0,133,112,80,80,0.0,1
Win_Aung\3\3.1251.jpg,0,132,111,77,77,0.0,1
Win_Aung\3\3.1252.jpg,0,132,111,77,77,0.0,1
Win_Aung\3\3.1253.jpg,0,133,110,76,76,0.0,1
Win_Aung\3\3.1254.jpg,0,136,110,73,73,0.0,1
Win_Aung\3\3.1255.jpg,0,136,112,79,79,0.0,1
Win_Aung\3\3.1256.jpg,0,137,112,77,77,0.0,1
Win_Aung\3\3.1257.jpg,0,136,111,75,75,0.0,1
Win_Aung\3\3.1258.jpg,0,136,111,75,75,0.0,1
Win_Aung\3\3.1259.jpg,0,135,111,81,81,0.0,1
Win_Aung\3\3.1260.jpg,0,137,110,77,77,0.0,1
Win_Aung\3\3.1261.jpg,0,137,110,78,78,0.0,1
Win_Aung\3\3.1262.jpg,0,135,110,77,77,0.0,1
Win_Aung\3\3.1263.jpg,0,134,112,77,77,0.0,1
Win_Aung\3\3.1264.jpg,0,134,112,77,77,0.0,1
Win_Aung\3\3.1265.jpg,0,133,108,76,76,0.0,1
Win_Aung\3\3.1266.jpg,0,132,106,75,75,0.0,1
Win_Aung\3\3.1267.jpg,0,133,107,77,77,0.0,1
Win_Aung\3\3.1268.jpg,0,134,110,76,76,0.0,1
Win_Aung\3\3.1269.jpg,0,136,109,80,80,0.0,1
Win_Aung\3\3.1270.jpg,0,136,109,80,80,0.0,1
Win_Aung\3\3.1271.jpg,0,136,108,73,73,0.0,1
Win_Aung\3\3.1272.jpg,0,137,108,75,75,0.0,1
Win_Aung\3\3.1273.jpg,0,145,109,73,73,0.0,1
Win_Aung\3\3.1274.jpg,0,148,110,75,75,0.0,1
Win_Aung\3\3.1275.jpg,0,144,106,72,72,0.0,1
Win_Aung\3\3.1276.jpg,0,144,106,72,72,0.0,1
Win_Aung\3\3.1277.jpg,0,144,110,68,68,0.0,1
