Winona_Ryder\0\0.421.jpg,0,218,149,81,81,0.0,1
Winona_Ryder\0\0.422.jpg,0,219,150,82,82,0.0,1
Winona_Ryder\0\0.423.jpg,0,220,150,80,80,0.0,1
Winona_Ryder\0\0.424.jpg,0,220,150,80,80,0.0,1
Winona_Ryder\0\0.425.jpg,0,222,151,78,78,0.0,1
Winona_Ryder\0\0.426.jpg,0,221,151,80,80,0.0,1
Winona_Ryder\0\0.427.jpg,0,222,151,79,79,0.0,1
Winona_Ryder\0\0.428.jpg,0,222,152,80,80,0.0,1
Winona_Ryder\0\0.429.jpg,0,222,151,78,78,0.0,1
Winona_Ryder\0\0.430.jpg,0,223,152,77,77,0.0,1
Winona_Ryder\0\0.431.jpg,0,223,153,79,79,0.0,1
Winona_Ryder\0\0.432.jpg,0,224,152,81,81,0.0,1
Winona_Ryder\0\0.433.jpg,0,223,152,79,79,0.0,1
Winona_Ryder\0\0.434.jpg,0,224,153,79,79,0.0,1
Winona_Ryder\0\0.435.jpg,0,225,153,80,80,0.0,1
Winona_Ryder\0\0.436.jpg,0,225,152,78,78,0.0,1
Winona_Ryder\0\0.437.jpg,0,226,151,79,79,0.0,1
Winona_Ryder\0\0.438.jpg,0,227,151,78,78,0.0,1
Winona_Ryder\0\0.439.jpg,0,228,151,80,80,0.0,1
Winona_Ryder\0\0.440.jpg,0,229,150,80,80,0.0,1
Winona_Ryder\0\0.441.jpg,0,229,148,83,83,0.0,1
Winona_Ryder\0\0.442.jpg,0,231,147,80,80,0.0,1
Winona_Ryder\0\0.443.jpg,0,233,146,82,82,0.0,1
Winona_Ryder\0\0.444.jpg,0,234,145,82,82,0.0,1
Winona_Ryder\0\0.445.jpg,0,236,142,79,79,0.0,1
Winona_Ryder\0\0.446.jpg,0,237,143,80,80,0.0,1
Winona_Ryder\0\0.447.jpg,0,237,142,81,81,0.0,1
Winona_Ryder\0\0.448.jpg,0,238,142,80,80,0.0,1
Winona_Ryder\0\0.449.jpg,0,236,141,78,78,0.0,1
Winona_Ryder\0\0.450.jpg,0,237,141,80,80,0.0,1
Winona_Ryder\0\0.451.jpg,0,236,141,80,80,0.0,1
Winona_Ryder\0\0.452.jpg,0,235,140,81,81,0.0,1
Winona_Ryder\0\0.453.jpg,0,237,141,78,78,0.0,1
Winona_Ryder\0\0.454.jpg,0,237,141,78,78,0.0,1
Winona_Ryder\0\0.455.jpg,0,237,143,80,80,0.0,1
Winona_Ryder\0\0.456.jpg,0,238,142,77,77,0.0,1
Winona_Ryder\0\0.457.jpg,0,238,142,79,79,0.0,1
Winona_Ryder\0\0.458.jpg,0,238,142,78,78,0.0,1
Winona_Ryder\0\0.459.jpg,0,239,142,78,78,0.0,1
Winona_Ryder\0\0.460.jpg,0,239,142,80,80,0.0,1
Winona_Ryder\0\0.461.jpg,0,240,141,80,80,0.0,1
Winona_Ryder\0\0.462.jpg,0,237,142,79,79,0.0,1
Winona_Ryder\0\0.463.jpg,0,238,141,77,77,0.0,1
Winona_Ryder\0\0.464.jpg,0,238,142,79,79,0.0,1
Winona_Ryder\0\0.465.jpg,0,239,142,78,78,0.0,1
Winona_Ryder\0\0.466.jpg,0,238,142,79,79,0.0,1
Winona_Ryder\0\0.467.jpg,0,238,142,77,77,0.0,1
Winona_Ryder\0\0.468.jpg,0,238,142,76,76,0.0,1
Winona_Ryder\0\0.469.jpg,0,237,142,77,77,0.0,1
Winona_Ryder\0\0.470.jpg,0,238,142,78,78,0.0,1
Winona_Ryder\0\0.471.jpg,0,238,142,77,77,0.0,1
Winona_Ryder\0\0.472.jpg,0,239,142,78,78,0.0,1
Winona_Ryder\0\0.473.jpg,0,239,144,79,79,0.0,1
Winona_Ryder\0\0.474.jpg,0,238,144,81,81,0.0,1
Winona_Ryder\0\0.475.jpg,0,239,145,82,82,0.0,1
Winona_Ryder\0\0.476.jpg,0,240,145,83,83,0.0,1
Winona_Ryder\0\0.477.jpg,0,239,147,82,82,0.0,1
Winona_Ryder\0\0.478.jpg,0,239,148,80,80,0.0,1
Winona_Ryder\0\0.479.jpg,0,237,151,80,80,0.0,1
Winona_Ryder\0\0.480.jpg,0,239,153,76,76,0.0,1
Winona_Ryder\0\0.481.jpg,0,238,156,72,72,0.0,1
Winona_Ryder\1\1.514.jpg,0,208,118,101,101,0.0,1
Winona_Ryder\1\1.515.jpg,0,209,119,102,102,0.0,1
Winona_Ryder\1\1.516.jpg,0,207,117,100,100,0.0,1
Winona_Ryder\1\1.517.jpg,0,207,117,99,99,0.0,1
Winona_Ryder\1\1.518.jpg,0,205,117,98,98,0.0,1
Winona_Ryder\1\1.519.jpg,0,202,116,95,95,0.0,1
Winona_Ryder\1\1.520.jpg,0,201,116,95,95,0.0,1
Winona_Ryder\1\1.521.jpg,0,201,116,97,97,0.0,1
Winona_Ryder\1\1.522.jpg,0,203,116,96,96,0.0,1
Winona_Ryder\1\1.523.jpg,0,203,115,97,97,0.0,1
Winona_Ryder\1\1.524.jpg,0,204,115,94,94,0.0,1
Winona_Ryder\1\1.525.jpg,0,203,114,93,93,0.0,1
Winona_Ryder\1\1.526.jpg,0,206,114,94,94,0.0,1
Winona_Ryder\1\1.527.jpg,0,207,114,98,98,0.0,1
Winona_Ryder\1\1.528.jpg,0,208,113,98,98,0.0,1
Winona_Ryder\1\1.529.jpg,0,210,113,97,97,0.0,1
Winona_Ryder\1\1.530.jpg,0,213,115,100,100,0.0,1
Winona_Ryder\1\1.531.jpg,0,214,114,103,103,0.0,1
Winona_Ryder\1\1.532.jpg,0,214,114,104,104,0.0,1
Winona_Ryder\1\1.533.jpg,0,216,114,103,103,0.0,1
Winona_Ryder\1\1.534.jpg,0,219,115,104,104,0.0,1
Winona_Ryder\1\1.535.jpg,0,220,116,108,108,0.0,1
Winona_Ryder\1\1.536.jpg,0,218,115,108,108,0.0,1
Winona_Ryder\1\1.537.jpg,0,217,116,105,105,0.0,1
Winona_Ryder\1\1.538.jpg,0,214,116,101,101,0.0,1
Winona_Ryder\1\1.539.jpg,0,213,115,100,100,0.0,1
Winona_Ryder\1\1.540.jpg,0,210,114,97,97,0.0,1
Winona_Ryder\1\1.541.jpg,0,209,115,98,98,0.0,1
Winona_Ryder\1\1.542.jpg,0,206,115,93,93,0.0,1
Winona_Ryder\1\1.543.jpg,0,205,115,91,91,0.0,1
Winona_Ryder\1\1.544.jpg,0,205,115,92,92,0.0,1
Winona_Ryder\1\1.545.jpg,0,206,115,95,95,0.0,1
Winona_Ryder\1\1.546.jpg,0,207,115,95,95,0.0,1
Winona_Ryder\1\1.547.jpg,0,207,115,95,95,0.0,1
Winona_Ryder\1\1.548.jpg,0,209,115,97,97,0.0,1
Winona_Ryder\1\1.549.jpg,0,208,115,95,95,0.0,1
Winona_Ryder\1\1.550.jpg,0,209,115,97,97,0.0,1
Winona_Ryder\1\1.551.jpg,0,209,116,97,97,0.0,1
Winona_Ryder\1\1.552.jpg,0,211,116,96,96,0.0,1
Winona_Ryder\1\1.553.jpg,0,209,116,95,95,0.0,1
Winona_Ryder\1\1.554.jpg,0,210,117,97,97,0.0,1
Winona_Ryder\1\1.555.jpg,0,210,117,97,97,0.0,1
Winona_Ryder\1\1.556.jpg,0,214,118,101,101,0.0,1
Winona_Ryder\1\1.557.jpg,0,215,117,100,100,0.0,1
Winona_Ryder\1\1.558.jpg,0,215,117,100,100,0.0,1
Winona_Ryder\1\1.559.jpg,0,218,118,102,102,0.0,1
Winona_Ryder\1\1.560.jpg,0,218,118,103,103,0.0,1
Winona_Ryder\1\1.561.jpg,0,220,118,107,107,0.0,1
Winona_Ryder\1\1.562.jpg,0,225,118,107,107,0.0,1
Winona_Ryder\1\1.563.jpg,0,221,118,104,104,0.0,1
Winona_Ryder\1\1.564.jpg,0,225,118,104,104,0.0,1
Winona_Ryder\1\1.565.jpg,0,226,118,104,104,0.0,1
Winona_Ryder\1\1.566.jpg,0,226,118,104,104,0.0,1
Winona_Ryder\1\1.567.jpg,0,226,116,105,105,0.0,1
Winona_Ryder\1\1.568.jpg,0,228,118,111,111,0.0,1
Winona_Ryder\1\1.569.jpg,0,228,118,112,112,0.0,1
Winona_Ryder\1\1.570.jpg,0,233,119,112,112,0.0,1
Winona_Ryder\1\1.571.jpg,0,239,118,112,112,0.0,1
Winona_Ryder\1\1.572.jpg,0,243,117,109,109,0.0,1
Winona_Ryder\1\1.573.jpg,0,248,116,111,111,0.0,1
Winona_Ryder\1\1.574.jpg,0,254,118,106,106,0.0,1
Winona_Ryder\1\1.575.jpg,0,255,116,105,105,0.0,1
Winona_Ryder\1\1.576.jpg,0,255,117,107,107,0.0,1
Winona_Ryder\1\1.577.jpg,0,255,117,105,105,0.0,1
Winona_Ryder\1\1.578.jpg,0,256,116,104,104,0.0,1
Winona_Ryder\1\1.579.jpg,0,257,117,102,102,0.0,1
Winona_Ryder\1\1.580.jpg,0,258,116,103,103,0.0,1
Winona_Ryder\1\1.581.jpg,0,256,116,108,108,0.0,1
Winona_Ryder\1\1.582.jpg,0,258,118,110,110,0.0,1
Winona_Ryder\1\1.583.jpg,0,257,117,107,107,0.0,1
Winona_Ryder\1\1.584.jpg,0,258,118,106,106,0.0,1
Winona_Ryder\1\1.585.jpg,0,257,119,103,103,0.0,1
Winona_Ryder\1\1.586.jpg,0,256,120,104,104,0.0,1
Winona_Ryder\1\1.587.jpg,0,256,120,104,104,0.0,1
Winona_Ryder\1\1.588.jpg,0,256,122,106,106,0.0,1
Winona_Ryder\1\1.589.jpg,0,254,121,110,110,0.0,1
Winona_Ryder\1\1.590.jpg,0,254,122,109,109,0.0,1
Winona_Ryder\1\1.591.jpg,0,254,122,108,108,0.0,1
Winona_Ryder\1\1.592.jpg,0,255,122,100,100,0.0,1
Winona_Ryder\1\1.593.jpg,0,252,122,102,102,0.0,1
Winona_Ryder\1\1.594.jpg,0,252,121,103,103,0.0,1
Winona_Ryder\1\1.595.jpg,0,250,121,107,107,0.0,1
Winona_Ryder\1\1.596.jpg,0,252,122,106,106,0.0,1
Winona_Ryder\1\1.597.jpg,0,252,122,104,104,0.0,1
Winona_Ryder\1\1.598.jpg,0,251,122,103,103,0.0,1
Winona_Ryder\1\1.599.jpg,0,250,123,105,105,0.0,1
Winona_Ryder\1\1.600.jpg,0,251,124,106,106,0.0,1
Winona_Ryder\1\1.601.jpg,0,247,124,107,107,0.0,1
Winona_Ryder\1\1.602.jpg,0,250,124,103,103,0.0,1
Winona_Ryder\1\1.603.jpg,0,249,125,99,99,0.0,1
Winona_Ryder\1\1.604.jpg,0,248,125,105,105,0.0,1
Winona_Ryder\1\1.605.jpg,0,247,125,103,103,0.0,1
Winona_Ryder\1\1.606.jpg,0,249,126,104,104,0.0,1
Winona_Ryder\1\1.607.jpg,0,247,126,106,106,0.0,1
Winona_Ryder\1\1.608.jpg,0,247,126,103,103,0.0,1
Winona_Ryder\1\1.609.jpg,0,246,126,105,105,0.0,1
Winona_Ryder\1\1.610.jpg,0,248,127,102,102,0.0,1
Winona_Ryder\1\1.611.jpg,0,248,127,105,105,0.0,1
Winona_Ryder\1\1.612.jpg,0,248,127,103,103,0.0,1
Winona_Ryder\1\1.613.jpg,0,249,128,102,102,0.0,1
Winona_Ryder\1\1.614.jpg,0,249,129,108,108,0.0,1
Winona_Ryder\1\1.615.jpg,0,250,128,104,104,0.0,1
Winona_Ryder\1\1.616.jpg,0,250,128,104,104,0.0,1
Winona_Ryder\1\1.617.jpg,0,248,127,104,104,0.0,1
Winona_Ryder\1\1.618.jpg,0,248,128,104,104,0.0,1
Winona_Ryder\1\1.619.jpg,0,248,128,104,104,0.0,1
Winona_Ryder\1\1.620.jpg,0,248,127,107,107,0.0,1
Winona_Ryder\1\1.621.jpg,0,249,127,104,104,0.0,1
Winona_Ryder\1\1.622.jpg,0,249,126,105,105,0.0,1
Winona_Ryder\1\1.623.jpg,0,249,126,104,104,0.0,1
Winona_Ryder\1\1.624.jpg,0,249,127,104,104,0.0,1
Winona_Ryder\1\1.625.jpg,0,248,126,109,109,0.0,1
Winona_Ryder\1\1.626.jpg,0,249,126,108,108,0.0,1
Winona_Ryder\1\1.627.jpg,0,247,126,107,107,0.0,1
Winona_Ryder\1\1.628.jpg,0,248,126,104,104,0.0,1
Winona_Ryder\1\1.629.jpg,0,248,126,108,108,0.0,1
Winona_Ryder\1\1.630.jpg,0,249,127,106,106,0.0,1
Winona_Ryder\1\1.631.jpg,0,248,126,106,106,0.0,1
Winona_Ryder\1\1.632.jpg,0,250,126,103,103,0.0,1
Winona_Ryder\1\1.633.jpg,0,248,126,107,107,0.0,1
Winona_Ryder\1\1.634.jpg,0,248,127,108,108,0.0,1
Winona_Ryder\1\1.635.jpg,0,248,126,107,107,0.0,1
Winona_Ryder\1\1.636.jpg,0,248,126,105,105,0.0,1
Winona_Ryder\1\1.637.jpg,0,250,126,104,104,0.0,1
Winona_Ryder\1\1.638.jpg,0,249,126,103,103,0.0,1
