Woody_Allen\5\5.35.jpg,0,181,90,89,89,0.0,1
Woody_Allen\5\5.36.jpg,0,183,90,100,100,0.0,1
Woody_Allen\5\5.37.jpg,0,181,90,95,95,0.0,1
Woody_Allen\5\5.38.jpg,0,181,87,96,96,0.0,1
Woody_Allen\5\5.39.jpg,0,175,91,103,103,0.0,1
Woody_Allen\5\5.40.jpg,0,177,91,101,101,0.0,1
Woody_Allen\5\5.41.jpg,0,176,89,101,101,0.0,1
Woody_Allen\5\5.42.jpg,0,177,89,100,100,0.0,1
Woody_Allen\5\5.43.jpg,0,177,89,102,102,0.0,1
Woody_Allen\5\5.44.jpg,0,179,92,98,98,0.0,1
Woody_Allen\5\5.45.jpg,0,179,94,100,100,0.0,1
Woody_Allen\5\5.46.jpg,0,183,96,100,100,0.0,1
Woody_Allen\5\5.47.jpg,0,182,94,93,93,0.0,1
Woody_Allen\5\5.48.jpg,0,183,97,104,104,0.0,1
Woody_Allen\5\5.49.jpg,0,182,94,102,102,0.0,1
Woody_Allen\5\5.50.jpg,0,177,94,105,105,0.0,1
Woody_Allen\5\5.51.jpg,0,176,90,105,105,0.0,1
Woody_Allen\5\5.52.jpg,0,174,85,103,103,0.0,1
Woody_Allen\5\5.53.jpg,0,169,81,107,107,0.0,1
Woody_Allen\5\5.54.jpg,0,169,79,111,111,0.0,1
Woody_Allen\5\5.55.jpg,0,169,83,107,107,0.0,1
Woody_Allen\5\5.56.jpg,0,168,83,104,104,0.0,1
Woody_Allen\5\5.57.jpg,0,167,89,114,114,0.0,1
Woody_Allen\5\5.58.jpg,0,167,94,106,106,0.0,1
Woody_Allen\5\5.59.jpg,0,166,91,101,101,0.0,1
Woody_Allen\5\5.60.jpg,0,166,88,103,103,0.0,1
Woody_Allen\5\5.61.jpg,0,167,88,104,104,0.0,1
Woody_Allen\5\5.62.jpg,0,167,87,108,108,0.0,1
Woody_Allen\5\5.63.jpg,0,168,84,101,101,0.0,1
Woody_Allen\5\5.64.jpg,0,170,88,100,100,0.0,1
Woody_Allen\5\5.65.jpg,0,169,87,104,104,0.0,1
Woody_Allen\5\5.66.jpg,0,169,87,104,104,0.0,1
Woody_Allen\5\5.67.jpg,0,171,86,107,107,0.0,1
Woody_Allen\5\5.68.jpg,0,169,90,103,103,0.0,1
Woody_Allen\5\5.69.jpg,0,170,96,108,108,0.0,1
Woody_Allen\5\5.70.jpg,0,170,93,109,109,0.0,1
Woody_Allen\5\5.71.jpg,0,170,93,109,109,0.0,1
Woody_Allen\5\5.72.jpg,0,170,89,101,101,0.0,1
Woody_Allen\5\5.73.jpg,0,171,89,99,99,0.0,1
Woody_Allen\5\5.74.jpg,0,172,89,99,99,0.0,1
Woody_Allen\5\5.75.jpg,0,172,90,98,98,0.0,1
Woody_Allen\5\5.76.jpg,0,172,87,100,100,0.0,1
Woody_Allen\5\5.77.jpg,0,174,81,86,86,0.0,1
Woody_Allen\5\5.78.jpg,0,172,85,104,104,0.0,1
Woody_Allen\5\5.79.jpg,0,168,88,103,103,0.0,1
Woody_Allen\5\5.80.jpg,0,169,89,106,106,0.0,1
Woody_Allen\5\5.81.jpg,0,169,89,103,103,0.0,1
Woody_Allen\5\5.82.jpg,0,172,87,103,103,0.0,1
Woody_Allen\5\5.83.jpg,0,174,85,102,102,0.0,1
