Wu_Peng\1\1.1644.jpg,0,118,103,154,154,0.0,1
Wu_Peng\1\1.1645.jpg,0,118,103,154,154,0.0,1
Wu_Peng\1\1.1646.jpg,0,117,103,154,154,0.0,1
Wu_Peng\1\1.1647.jpg,0,116,102,146,146,0.0,1
Wu_Peng\1\1.1648.jpg,0,116,102,146,146,0.0,1
Wu_Peng\1\1.1649.jpg,0,115,101,151,151,0.0,1
Wu_Peng\1\1.1650.jpg,0,115,101,151,151,0.0,1
Wu_Peng\1\1.1651.jpg,0,114,102,159,159,0.0,1
Wu_Peng\1\1.1652.jpg,0,113,102,156,156,0.0,1
Wu_Peng\1\1.1653.jpg,0,113,102,156,156,0.0,1
Wu_Peng\1\1.1654.jpg,0,111,103,153,153,0.0,1
Wu_Peng\1\1.1655.jpg,0,112,104,160,160,0.0,1
Wu_Peng\1\1.1656.jpg,0,112,104,160,160,0.0,1
Wu_Peng\1\1.1657.jpg,0,112,103,159,159,0.0,1
Wu_Peng\1\1.1658.jpg,0,112,103,159,159,0.0,1
Wu_Peng\1\1.1659.jpg,0,112,103,154,154,0.0,1
Wu_Peng\1\1.1660.jpg,0,112,104,158,158,0.0,1
Wu_Peng\1\1.1661.jpg,0,112,104,158,158,0.0,1
Wu_Peng\1\1.1662.jpg,0,114,104,157,157,0.0,1
Wu_Peng\1\1.1663.jpg,0,117,104,154,154,0.0,1
Wu_Peng\1\1.1664.jpg,0,117,104,154,154,0.0,1
Wu_Peng\1\1.1665.jpg,0,119,101,149,149,0.0,1
Wu_Peng\1\1.1666.jpg,0,119,101,149,149,0.0,1
Wu_Peng\1\1.1667.jpg,0,120,104,154,154,0.0,1
Wu_Peng\1\1.1668.jpg,0,123,106,158,158,0.0,1
Wu_Peng\1\1.1669.jpg,0,123,106,158,158,0.0,1
Wu_Peng\1\1.1670.jpg,0,123,106,154,154,0.0,1
Wu_Peng\1\1.1671.jpg,0,125,106,148,148,0.0,1
Wu_Peng\1\1.1672.jpg,0,125,106,148,148,0.0,1
Wu_Peng\1\1.1673.jpg,0,124,106,147,147,0.0,1
Wu_Peng\1\1.1674.jpg,0,124,106,147,147,0.0,1
Wu_Peng\1\1.1675.jpg,0,124,108,152,152,0.0,1
Wu_Peng\1\1.1676.jpg,0,127,106,149,149,0.0,1
Wu_Peng\1\1.1677.jpg,0,127,106,149,149,0.0,1
Wu_Peng\1\1.1678.jpg,0,128,107,153,153,0.0,1
Wu_Peng\1\1.1679.jpg,0,130,108,155,155,0.0,1
Wu_Peng\1\1.1680.jpg,0,130,108,155,155,0.0,1
Wu_Peng\1\1.1681.jpg,0,131,109,151,151,0.0,1
Wu_Peng\1\1.1682.jpg,0,131,109,151,151,0.0,1
Wu_Peng\1\1.1683.jpg,0,136,112,150,150,0.0,1
Wu_Peng\1\1.1684.jpg,0,137,112,143,143,0.0,1
Wu_Peng\1\1.1685.jpg,0,137,112,143,143,0.0,1
Wu_Peng\1\1.1686.jpg,0,136,112,143,143,0.0,1
Wu_Peng\1\1.1687.jpg,0,136,110,141,141,0.0,1
Wu_Peng\1\1.1688.jpg,0,136,110,141,141,0.0,1
Wu_Peng\1\1.1689.jpg,0,134,110,142,142,0.0,1
Wu_Peng\1\1.1690.jpg,0,134,110,142,142,0.0,1
Wu_Peng\1\1.1691.jpg,0,132,110,143,143,0.0,1
Wu_Peng\1\1.1692.jpg,0,131,108,137,137,0.0,1
Wu_Peng\1\1.1693.jpg,0,131,108,137,137,0.0,1
Wu_Peng\1\1.1694.jpg,0,129,111,142,142,0.0,1
Wu_Peng\1\1.1695.jpg,0,129,110,143,143,0.0,1
Wu_Peng\1\1.1696.jpg,0,129,110,143,143,0.0,1
Wu_Peng\1\1.1697.jpg,0,129,113,144,144,0.0,1
Wu_Peng\1\1.1698.jpg,0,129,113,144,144,0.0,1
Wu_Peng\1\1.1699.jpg,0,129,112,145,145,0.0,1
Wu_Peng\1\1.1700.jpg,0,129,112,141,141,0.0,1
Wu_Peng\1\1.1701.jpg,0,129,112,141,141,0.0,1
Wu_Peng\1\1.1702.jpg,0,130,113,142,142,0.0,1
Wu_Peng\1\1.1703.jpg,0,129,113,141,141,0.0,1
Wu_Peng\1\1.1704.jpg,0,129,113,141,141,0.0,1
Wu_Peng\1\1.1705.jpg,0,131,114,143,143,0.0,1
Wu_Peng\1\1.1706.jpg,0,131,114,143,143,0.0,1
Wu_Peng\1\1.1707.jpg,0,134,117,142,142,0.0,1
Wu_Peng\1\1.1708.jpg,0,136,118,138,138,0.0,1
Wu_Peng\1\1.1709.jpg,0,136,118,138,138,0.0,1
Wu_Peng\1\1.1710.jpg,0,138,118,138,138,0.0,1
Wu_Peng\1\1.1711.jpg,0,139,119,142,142,0.0,1
Wu_Peng\1\1.1712.jpg,0,139,119,142,142,0.0,1
Wu_Peng\1\1.1713.jpg,0,139,119,142,142,0.0,1
Wu_Peng\1\1.1714.jpg,0,139,119,142,142,0.0,1
Wu_Peng\1\1.1715.jpg,0,140,118,144,144,0.0,1
Wu_Peng\1\1.1716.jpg,0,140,118,145,145,0.0,1
Wu_Peng\1\1.1717.jpg,0,140,118,145,145,0.0,1
Wu_Peng\1\1.1718.jpg,0,139,119,145,145,0.0,1
Wu_Peng\1\1.1719.jpg,0,139,118,145,145,0.0,1
Wu_Peng\1\1.1720.jpg,0,139,118,145,145,0.0,1
Wu_Peng\1\1.1721.jpg,0,139,119,148,148,0.0,1
Wu_Peng\1\1.1722.jpg,0,139,119,148,148,0.0,1
Wu_Peng\1\1.1723.jpg,0,138,118,145,145,0.0,1
Wu_Peng\1\1.1724.jpg,0,139,118,145,145,0.0,1
Wu_Peng\1\1.1725.jpg,0,139,118,145,145,0.0,1
Wu_Peng\1\1.1726.jpg,0,139,120,148,148,0.0,1
Wu_Peng\1\1.1727.jpg,0,137,119,143,143,0.0,1
Wu_Peng\1\1.1728.jpg,0,137,119,143,143,0.0,1
Wu_Peng\1\1.1729.jpg,0,138,119,142,142,0.0,1
Wu_Peng\1\1.1730.jpg,0,138,119,142,142,0.0,1
Wu_Peng\1\1.1731.jpg,0,139,118,143,143,0.0,1
Wu_Peng\1\1.1732.jpg,0,139,117,148,148,0.0,1
Wu_Peng\1\1.1733.jpg,0,139,117,148,148,0.0,1
Wu_Peng\1\1.1734.jpg,0,140,115,150,150,0.0,1
Wu_Peng\1\1.1735.jpg,0,139,113,147,147,0.0,1
Wu_Peng\1\1.1736.jpg,0,139,113,147,147,0.0,1
Wu_Peng\1\1.1737.jpg,0,139,113,145,145,0.0,1
Wu_Peng\1\1.1738.jpg,0,139,113,145,145,0.0,1
Wu_Peng\1\1.1739.jpg,0,140,112,147,147,0.0,1
Wu_Peng\1\1.1740.jpg,0,142,115,152,152,0.0,1
Wu_Peng\1\1.1741.jpg,0,142,115,152,152,0.0,1
Wu_Peng\1\1.1742.jpg,0,142,113,146,146,0.0,1
Wu_Peng\1\1.1743.jpg,0,143,111,148,148,0.0,1
Wu_Peng\1\1.1744.jpg,0,143,111,148,148,0.0,1
Wu_Peng\1\1.1745.jpg,0,140,109,153,153,0.0,1
Wu_Peng\1\1.1746.jpg,0,140,109,153,153,0.0,1
Wu_Peng\1\1.1747.jpg,0,142,106,145,145,0.0,1
Wu_Peng\1\1.1748.jpg,0,142,106,147,147,0.0,1
Wu_Peng\1\1.1749.jpg,0,142,106,147,147,0.0,1
Wu_Peng\1\1.1750.jpg,0,145,107,143,143,0.0,1
Wu_Peng\1\1.1751.jpg,0,148,108,153,153,0.0,1
Wu_Peng\1\1.1752.jpg,0,148,108,153,153,0.0,1
Wu_Peng\1\1.1753.jpg,0,149,109,153,153,0.0,1
Wu_Peng\1\1.1754.jpg,0,149,109,153,153,0.0,1
Wu_Peng\1\1.1755.jpg,0,148,111,149,149,0.0,1
Wu_Peng\1\1.1756.jpg,0,145,109,146,146,0.0,1
Wu_Peng\1\1.1757.jpg,0,145,109,146,146,0.0,1
Wu_Peng\1\1.1758.jpg,0,144,107,147,147,0.0,1
Wu_Peng\1\1.1759.jpg,0,143,108,149,149,0.0,1
Wu_Peng\1\1.1760.jpg,0,143,108,149,149,0.0,1
Wu_Peng\1\1.1761.jpg,0,142,107,147,147,0.0,1
Wu_Peng\1\1.1762.jpg,0,142,107,147,147,0.0,1
Wu_Peng\1\1.1763.jpg,0,142,109,146,146,0.0,1
Wu_Peng\1\1.1764.jpg,0,142,109,150,150,0.0,1
Wu_Peng\1\1.1765.jpg,0,142,109,150,150,0.0,1
Wu_Peng\1\1.1766.jpg,0,138,110,151,151,0.0,1
Wu_Peng\1\1.1767.jpg,0,132,107,153,153,0.0,1
Wu_Peng\1\1.1768.jpg,0,132,107,153,153,0.0,1
Wu_Peng\1\1.1769.jpg,0,132,107,148,148,0.0,1
Wu_Peng\1\1.1770.jpg,0,132,107,148,148,0.0,1
Wu_Peng\1\1.1771.jpg,0,129,106,144,144,0.0,1
Wu_Peng\1\1.1772.jpg,0,128,104,145,145,0.0,1
Wu_Peng\1\1.1773.jpg,0,128,104,145,145,0.0,1
Wu_Peng\1\1.1774.jpg,0,128,105,146,146,0.0,1
Wu_Peng\1\1.1775.jpg,0,130,106,146,146,0.0,1
Wu_Peng\1\1.1776.jpg,0,130,106,146,146,0.0,1
Wu_Peng\1\1.1777.jpg,0,128,106,147,147,0.0,1
Wu_Peng\1\1.1778.jpg,0,128,106,147,147,0.0,1
Wu_Peng\1\1.1779.jpg,0,129,105,145,145,0.0,1
Wu_Peng\1\1.1780.jpg,0,129,106,145,145,0.0,1
Wu_Peng\1\1.1781.jpg,0,129,106,145,145,0.0,1
Wu_Peng\1\1.1782.jpg,0,129,105,143,143,0.0,1
Wu_Peng\1\1.1783.jpg,0,130,106,143,143,0.0,1
Wu_Peng\1\1.1784.jpg,0,130,106,143,143,0.0,1
Wu_Peng\1\1.1785.jpg,0,130,106,145,145,0.0,1
Wu_Peng\1\1.1786.jpg,0,130,106,145,145,0.0,1
Wu_Peng\1\1.1787.jpg,0,131,107,148,148,0.0,1
Wu_Peng\1\1.1788.jpg,0,133,108,148,148,0.0,1
Wu_Peng\1\1.1789.jpg,0,133,108,148,148,0.0,1
Wu_Peng\1\1.1790.jpg,0,133,108,146,146,0.0,1
Wu_Peng\1\1.1791.jpg,0,133,109,148,148,0.0,1
Wu_Peng\1\1.1792.jpg,0,133,109,148,148,0.0,1
Wu_Peng\1\1.1793.jpg,0,133,108,146,146,0.0,1
Wu_Peng\1\1.1794.jpg,0,133,108,146,146,0.0,1
Wu_Peng\1\1.1795.jpg,0,132,109,147,147,0.0,1
Wu_Peng\1\1.1796.jpg,0,133,108,146,146,0.0,1
Wu_Peng\1\1.1797.jpg,0,133,108,146,146,0.0,1
Wu_Peng\1\1.1798.jpg,0,133,109,148,148,0.0,1
Wu_Peng\1\1.1799.jpg,0,131,107,143,143,0.0,1
Wu_Peng\1\1.1800.jpg,0,131,107,143,143,0.0,1
Wu_Peng\1\1.1801.jpg,0,132,108,144,144,0.0,1
Wu_Peng\1\1.1802.jpg,0,132,108,144,144,0.0,1
Wu_Peng\1\1.1803.jpg,0,132,107,144,144,0.0,1
Wu_Peng\1\1.1804.jpg,0,131,107,141,141,0.0,1
Wu_Peng\1\1.1805.jpg,0,131,107,141,141,0.0,1
Wu_Peng\1\1.1806.jpg,0,131,107,143,143,0.0,1
Wu_Peng\1\1.1807.jpg,0,131,108,147,147,0.0,1
Wu_Peng\1\1.1808.jpg,0,131,108,147,147,0.0,1
Wu_Peng\1\1.1809.jpg,0,131,109,148,148,0.0,1
Wu_Peng\1\1.1810.jpg,0,131,109,148,148,0.0,1
Wu_Peng\1\1.1811.jpg,0,130,109,140,140,0.0,1
Wu_Peng\1\1.1812.jpg,0,128,109,142,142,0.0,1
Wu_Peng\1\1.1813.jpg,0,128,109,142,142,0.0,1
Wu_Peng\1\1.1814.jpg,0,125,108,147,147,0.0,1
Wu_Peng\1\1.1815.jpg,0,125,110,150,150,0.0,1
Wu_Peng\1\1.1816.jpg,0,125,110,150,150,0.0,1
Wu_Peng\1\1.1817.jpg,0,125,110,151,151,0.0,1
Wu_Peng\1\1.1818.jpg,0,125,110,151,151,0.0,1
Wu_Peng\1\1.1819.jpg,0,127,111,152,152,0.0,1
Wu_Peng\1\1.1820.jpg,0,127,110,149,149,0.0,1
Wu_Peng\1\1.1821.jpg,0,127,110,149,149,0.0,1
Wu_Peng\1\1.1822.jpg,0,126,108,149,149,0.0,1
Wu_Peng\1\1.1823.jpg,0,128,108,147,147,0.0,1
Wu_Peng\1\1.1824.jpg,0,128,108,147,147,0.0,1
Wu_Peng\1\1.1825.jpg,0,128,108,147,147,0.0,1
Wu_Peng\1\1.1826.jpg,0,128,108,147,147,0.0,1
Wu_Peng\1\1.1827.jpg,0,128,108,151,151,0.0,1
Wu_Peng\1\1.1828.jpg,0,129,109,153,153,0.0,1
Wu_Peng\1\1.1829.jpg,0,129,109,153,153,0.0,1
Wu_Peng\1\1.1830.jpg,0,129,108,150,150,0.0,1
Wu_Peng\1\1.1831.jpg,0,129,110,149,149,0.0,1
Wu_Peng\1\1.1832.jpg,0,129,110,149,149,0.0,1
Wu_Peng\1\1.1833.jpg,0,130,111,149,149,0.0,1
Wu_Peng\1\1.1834.jpg,0,130,111,149,149,0.0,1
Wu_Peng\1\1.1835.jpg,0,129,111,149,149,0.0,1
Wu_Peng\1\1.1836.jpg,0,129,113,149,149,0.0,1
Wu_Peng\1\1.1837.jpg,0,129,113,149,149,0.0,1
Wu_Peng\1\1.1838.jpg,0,128,114,149,149,0.0,1
Wu_Peng\1\1.1839.jpg,0,128,116,148,148,0.0,1
Wu_Peng\1\1.1840.jpg,0,128,116,148,148,0.0,1
Wu_Peng\1\1.1841.jpg,0,129,116,145,145,0.0,1
Wu_Peng\1\1.1842.jpg,0,129,116,145,145,0.0,1
Wu_Peng\1\1.1843.jpg,0,128,116,148,148,0.0,1
Wu_Peng\1\1.1844.jpg,0,128,117,148,148,0.0,1
Wu_Peng\1\1.1845.jpg,0,128,117,148,148,0.0,1
Wu_Peng\1\1.1846.jpg,0,126,117,146,146,0.0,1
Wu_Peng\1\1.1847.jpg,0,123,118,144,144,0.0,1
Wu_Peng\1\1.1848.jpg,0,123,118,144,144,0.0,1
Wu_Peng\1\1.1849.jpg,0,119,118,143,143,0.0,1
Wu_Peng\1\1.1850.jpg,0,119,118,143,143,0.0,1
Wu_Peng\1\1.1851.jpg,0,117,118,143,143,0.0,1
Wu_Peng\1\1.1852.jpg,0,115,118,148,148,0.0,1
Wu_Peng\1\1.1853.jpg,0,115,118,148,148,0.0,1
Wu_Peng\1\1.1854.jpg,0,113,121,154,154,0.0,1
Wu_Peng\1\1.1855.jpg,0,112,123,149,149,0.0,1
Wu_Peng\1\1.1856.jpg,0,112,123,149,149,0.0,1
Wu_Peng\1\1.1857.jpg,0,111,123,153,153,0.0,1
Wu_Peng\1\1.1858.jpg,0,111,123,153,153,0.0,1
Wu_Peng\1\1.1859.jpg,0,112,123,153,153,0.0,1
Wu_Peng\1\1.1860.jpg,0,112,124,155,155,0.0,1
Wu_Peng\1\1.1861.jpg,0,112,124,155,155,0.0,1
Wu_Peng\1\1.1862.jpg,0,113,123,155,155,0.0,1
Wu_Peng\1\1.1863.jpg,0,114,123,154,154,0.0,1
Wu_Peng\1\1.1864.jpg,0,114,123,154,154,0.0,1
Wu_Peng\1\1.1865.jpg,0,114,122,153,153,0.0,1
Wu_Peng\1\1.1866.jpg,0,114,122,153,153,0.0,1
Wu_Peng\1\1.1867.jpg,0,114,119,154,154,0.0,1
Wu_Peng\1\1.1868.jpg,0,114,119,154,154,0.0,1
Wu_Peng\1\1.1869.jpg,0,114,119,154,154,0.0,1
Wu_Peng\1\1.1870.jpg,0,113,115,153,153,0.0,1
Wu_Peng\1\1.1871.jpg,0,111,114,154,154,0.0,1
Wu_Peng\1\1.1872.jpg,0,111,114,154,154,0.0,1
Wu_Peng\1\1.1873.jpg,0,110,112,157,157,0.0,1
Wu_Peng\1\1.1874.jpg,0,110,112,157,157,0.0,1
Wu_Peng\1\1.1875.jpg,0,111,110,155,155,0.0,1
Wu_Peng\1\1.1876.jpg,0,112,110,154,154,0.0,1
Wu_Peng\1\1.1877.jpg,0,112,110,154,154,0.0,1
Wu_Peng\1\1.1878.jpg,0,115,108,152,152,0.0,1
Wu_Peng\1\1.1879.jpg,0,119,106,151,151,0.0,1
Wu_Peng\1\1.1880.jpg,0,119,106,151,151,0.0,1
Wu_Peng\1\1.1881.jpg,0,122,105,148,148,0.0,1
Wu_Peng\1\1.1882.jpg,0,122,105,148,148,0.0,1
Wu_Peng\1\1.1883.jpg,0,125,104,150,150,0.0,1
Wu_Peng\1\1.1884.jpg,0,127,104,146,146,0.0,1
