Xiang_Liu\1\1.428.jpg,0,137,32,40,40,0.0,1
Xiang_Liu\1\1.429.jpg,0,135,27,40,40,0.0,1
Xiang_Liu\1\1.430.jpg,0,135,26,40,40,0.0,1
Xiang_Liu\1\1.431.jpg,0,135,25,41,41,0.0,1
Xiang_Liu\1\1.432.jpg,0,133,25,38,38,0.0,1
Xiang_Liu\1\1.433.jpg,0,130,25,39,39,0.0,1
Xiang_Liu\1\1.434.jpg,0,128,26,36,36,0.0,1
Xiang_Liu\1\1.435.jpg,0,127,28,40,40,0.0,1
Xiang_Liu\1\1.436.jpg,0,127,28,43,43,0.0,1
Xiang_Liu\1\1.437.jpg,0,126,30,43,43,0.0,1
Xiang_Liu\1\1.438.jpg,0,124,29,42,42,0.0,1
Xiang_Liu\1\1.439.jpg,0,124,29,42,42,0.0,1
Xiang_Liu\1\1.440.jpg,0,121,28,40,40,0.0,1
Xiang_Liu\1\1.441.jpg,0,122,28,40,40,0.0,1
Xiang_Liu\1\1.442.jpg,0,122,28,42,42,0.0,1
Xiang_Liu\1\1.443.jpg,0,121,28,41,41,0.0,1
Xiang_Liu\1\1.444.jpg,0,122,29,40,40,0.0,1
Xiang_Liu\1\1.445.jpg,0,121,30,42,42,0.0,1
Xiang_Liu\1\1.446.jpg,0,121,30,43,43,0.0,1
Xiang_Liu\1\1.447.jpg,0,121,32,42,42,0.0,1
Xiang_Liu\1\1.448.jpg,0,121,34,44,44,0.0,1
Xiang_Liu\1\1.449.jpg,0,122,39,44,44,0.0,1
Xiang_Liu\1\1.450.jpg,0,120,42,40,40,0.0,1
Xiang_Liu\1\1.451.jpg,0,121,44,42,42,0.0,1
Xiang_Liu\1\1.452.jpg,0,121,46,40,40,0.0,1
Xiang_Liu\1\1.453.jpg,0,122,48,42,42,0.0,1
Xiang_Liu\1\1.454.jpg,0,121,48,41,41,0.0,1
Xiang_Liu\1\1.455.jpg,0,121,49,41,41,0.0,1
Xiang_Liu\1\1.456.jpg,0,120,50,42,42,0.0,1
Xiang_Liu\1\1.457.jpg,0,118,50,41,41,0.0,1
Xiang_Liu\1\1.458.jpg,0,117,51,43,43,0.0,1
Xiang_Liu\1\1.459.jpg,0,116,52,43,43,0.0,1
Xiang_Liu\1\1.460.jpg,0,115,55,44,44,0.0,1
Xiang_Liu\1\1.461.jpg,0,113,57,43,43,0.0,1
Xiang_Liu\1\1.462.jpg,0,111,58,43,43,0.0,1
Xiang_Liu\1\1.463.jpg,0,110,58,43,43,0.0,1
Xiang_Liu\1\1.464.jpg,0,112,59,41,41,0.0,1
Xiang_Liu\1\1.465.jpg,0,112,61,41,41,0.0,1
Xiang_Liu\1\1.466.jpg,0,112,62,41,41,0.0,1
Xiang_Liu\1\1.467.jpg,0,112,63,41,41,0.0,1
Xiang_Liu\1\1.468.jpg,0,112,64,40,40,0.0,1
Xiang_Liu\1\1.469.jpg,0,111,66,42,42,0.0,1
Xiang_Liu\1\1.470.jpg,0,110,67,41,41,0.0,1
Xiang_Liu\1\1.471.jpg,0,110,66,41,41,0.0,1
Xiang_Liu\1\1.472.jpg,0,112,67,41,41,0.0,1
Xiang_Liu\1\1.473.jpg,0,112,68,41,41,0.0,1
Xiang_Liu\1\1.474.jpg,0,113,69,42,42,0.0,1
Xiang_Liu\1\1.475.jpg,0,113,69,42,42,0.0,1
Xiang_Liu\1\1.476.jpg,0,112,68,40,40,0.0,1
Xiang_Liu\1\1.477.jpg,0,112,67,41,41,0.0,1
Xiang_Liu\1\1.478.jpg,0,112,67,39,39,0.0,1
Xiang_Liu\1\1.479.jpg,0,113,67,41,41,0.0,1
Xiang_Liu\1\1.480.jpg,0,112,67,41,41,0.0,1
Xiang_Liu\1\1.481.jpg,0,112,68,40,40,0.0,1
Xiang_Liu\1\1.482.jpg,0,112,68,39,39,0.0,1
Xiang_Liu\1\1.483.jpg,0,112,69,40,40,0.0,1
Xiang_Liu\1\1.484.jpg,0,112,68,40,40,0.0,1
Xiang_Liu\1\1.485.jpg,0,113,68,44,44,0.0,1
Xiang_Liu\1\1.486.jpg,0,113,68,41,41,0.0,1
Xiang_Liu\1\1.487.jpg,0,114,69,41,41,0.0,1
Xiang_Liu\1\1.488.jpg,0,114,68,43,43,0.0,1
Xiang_Liu\1\1.489.jpg,0,115,68,42,42,0.0,1
Xiang_Liu\1\1.490.jpg,0,114,68,41,41,0.0,1
Xiang_Liu\1\1.491.jpg,0,114,67,41,41,0.0,1
Xiang_Liu\1\1.492.jpg,0,115,68,40,40,0.0,1
Xiang_Liu\1\1.493.jpg,0,116,69,40,40,0.0,1
Xiang_Liu\1\1.494.jpg,0,116,70,43,43,0.0,1
Xiang_Liu\1\1.495.jpg,0,115,70,41,41,0.0,1
Xiang_Liu\1\1.496.jpg,0,117,69,42,42,0.0,1
Xiang_Liu\1\1.497.jpg,0,117,69,41,41,0.0,1
Xiang_Liu\1\1.498.jpg,0,117,69,41,41,0.0,1
Xiang_Liu\1\1.499.jpg,0,117,69,41,41,0.0,1
Xiang_Liu\1\1.500.jpg,0,117,69,41,41,0.0,1
Xiang_Liu\1\1.501.jpg,0,118,69,40,40,0.0,1
Xiang_Liu\1\1.502.jpg,0,118,70,42,42,0.0,1
Xiang_Liu\1\1.503.jpg,0,117,69,43,43,0.0,1
Xiang_Liu\1\1.504.jpg,0,118,68,43,43,0.0,1
Xiang_Liu\1\1.505.jpg,0,117,68,40,40,0.0,1
Xiang_Liu\1\1.506.jpg,0,117,68,41,41,0.0,1
Xiang_Liu\1\1.507.jpg,0,117,68,38,38,0.0,1
Xiang_Liu\1\1.508.jpg,0,117,68,39,39,0.0,1
Xiang_Liu\5\5.1349.jpg,1,186,86,50,50,0.0,1
Xiang_Liu\5\5.1350.jpg,0,186,85,51,51,0.0,1
Xiang_Liu\5\5.1351.jpg,0,190,87,48,48,0.0,1
Xiang_Liu\5\5.1352.jpg,0,190,87,48,48,0.0,1
Xiang_Liu\5\5.1353.jpg,0,190,87,48,48,0.0,1
Xiang_Liu\5\5.1354.jpg,0,190,87,48,48,0.0,1
Xiang_Liu\5\5.1355.jpg,0,190,87,48,48,0.0,1
Xiang_Liu\5\5.1356.jpg,0,188,85,49,49,0.0,1
Xiang_Liu\5\5.1357.jpg,0,188,85,49,49,0.0,1
Xiang_Liu\5\5.1358.jpg,0,188,87,48,48,0.0,1
Xiang_Liu\5\5.1359.jpg,0,187,86,48,48,0.0,1
Xiang_Liu\5\5.1360.jpg,0,187,86,48,48,0.0,1
Xiang_Liu\5\5.1361.jpg,0,187,86,48,48,0.0,1
Xiang_Liu\5\5.1362.jpg,0,187,86,48,48,0.0,1
Xiang_Liu\5\5.1363.jpg,0,186,86,47,47,0.0,1
Xiang_Liu\5\5.1364.jpg,0,187,86,46,46,0.0,1
Xiang_Liu\5\5.1365.jpg,0,187,86,46,46,0.0,1
Xiang_Liu\5\5.1366.jpg,0,185,86,48,48,0.0,1
Xiang_Liu\5\5.1367.jpg,0,184,84,47,47,0.0,1
Xiang_Liu\5\5.1368.jpg,0,184,84,47,47,0.0,1
Xiang_Liu\5\5.1369.jpg,0,184,84,50,50,0.0,1
Xiang_Liu\5\5.1370.jpg,1,184,84,50,50,0.0,1
Xiang_Liu\5\5.1371.jpg,0,184,84,47,47,0.0,1
Xiang_Liu\5\5.1372.jpg,0,182,84,48,48,0.0,1
Xiang_Liu\5\5.1373.jpg,0,182,84,48,48,0.0,1
Xiang_Liu\5\5.1374.jpg,0,182,83,47,47,0.0,1
Xiang_Liu\5\5.1375.jpg,0,180,82,47,47,0.0,1
Xiang_Liu\5\5.1376.jpg,0,180,82,47,47,0.0,1
Xiang_Liu\5\5.1377.jpg,0,178,81,47,47,0.0,1
Xiang_Liu\5\5.1378.jpg,0,178,81,47,47,0.0,1
Xiang_Liu\5\5.1379.jpg,0,178,82,48,48,0.0,1
Xiang_Liu\5\5.1380.jpg,0,176,81,49,49,0.0,1
Xiang_Liu\5\5.1381.jpg,0,176,81,49,49,0.0,1
Xiang_Liu\5\5.1382.jpg,0,173,80,47,47,0.0,1
Xiang_Liu\5\5.1383.jpg,0,172,80,49,49,0.0,1
Xiang_Liu\5\5.1384.jpg,0,172,80,49,49,0.0,1
Xiang_Liu\5\5.1385.jpg,0,170,81,50,50,0.0,1
Xiang_Liu\5\5.1386.jpg,0,170,81,50,50,0.0,1
Xiang_Liu\5\5.1387.jpg,0,168,80,48,48,0.0,1
Xiang_Liu\5\5.1388.jpg,0,167,81,46,46,0.0,1
Xiang_Liu\5\5.1389.jpg,0,167,81,46,46,0.0,1
Xiang_Liu\5\5.1390.jpg,0,164,82,48,48,0.0,1
Xiang_Liu\5\5.1391.jpg,1,160,81,50,50,0.0,1
Xiang_Liu\5\5.1392.jpg,1,160,81,50,50,0.0,1
Xiang_Liu\5\5.1393.jpg,0,158,82,50,50,0.0,1
Xiang_Liu\5\5.1394.jpg,0,158,82,50,50,0.0,1
Xiang_Liu\5\5.1395.jpg,0,154,79,50,50,0.0,1
Xiang_Liu\5\5.1396.jpg,0,151,77,50,50,0.0,1
Xiang_Liu\5\5.1397.jpg,0,151,77,50,50,0.0,1
Xiang_Liu\5\5.1398.jpg,0,150,75,52,52,0.0,1
Xiang_Liu\5\5.1399.jpg,0,149,74,51,51,0.0,1
Xiang_Liu\5\5.1400.jpg,0,149,74,51,51,0.0,1
Xiang_Liu\5\5.1401.jpg,0,153,74,50,50,0.0,1
