Yang_Jianli\0\0.1265.jpg,0,171,120,93,93,0.0,1
Yang_Jianli\0\0.1266.jpg,0,172,120,91,91,0.0,1
Yang_Jianli\0\0.1267.jpg,0,172,121,98,98,0.0,1
Yang_Jianli\0\0.1268.jpg,0,172,119,99,99,0.0,1
Yang_Jianli\0\0.1269.jpg,0,170,120,94,94,0.0,1
Yang_Jianli\0\0.1270.jpg,0,169,119,94,94,0.0,1
Yang_Jianli\0\0.1271.jpg,0,169,118,101,101,0.0,1
Yang_Jianli\0\0.1272.jpg,0,166,119,104,104,0.0,1
Yang_Jianli\0\0.1273.jpg,0,166,119,102,102,0.0,1
Yang_Jianli\0\0.1274.jpg,0,163,119,103,103,0.0,1
Yang_Jianli\0\0.1275.jpg,0,163,122,98,98,0.0,1
Yang_Jianli\0\0.1276.jpg,0,163,121,100,100,0.0,1
Yang_Jianli\0\0.1277.jpg,0,161,124,98,98,0.0,1
Yang_Jianli\0\0.1278.jpg,0,159,121,95,95,0.0,1
Yang_Jianli\0\0.1279.jpg,0,159,122,92,92,0.0,1
Yang_Jianli\0\0.1280.jpg,0,159,123,98,98,0.0,1
Yang_Jianli\0\0.1281.jpg,0,159,120,97,97,0.0,1
Yang_Jianli\0\0.1282.jpg,0,158,120,97,97,0.0,1
Yang_Jianli\0\0.1283.jpg,0,160,121,100,100,0.0,1
Yang_Jianli\0\0.1284.jpg,0,160,118,105,105,0.0,1
Yang_Jianli\0\0.1285.jpg,0,160,118,97,97,0.0,1
Yang_Jianli\0\0.1286.jpg,0,161,118,99,99,0.0,1
Yang_Jianli\0\0.1287.jpg,0,162,117,97,97,0.0,1
Yang_Jianli\0\0.1288.jpg,0,164,118,99,99,0.0,1
Yang_Jianli\0\0.1289.jpg,0,166,117,85,85,0.0,1
Yang_Jianli\0\0.1290.jpg,0,168,121,88,88,0.0,1
Yang_Jianli\0\0.1291.jpg,0,168,120,93,93,0.0,1
Yang_Jianli\0\0.1292.jpg,0,169,121,99,99,0.0,1
Yang_Jianli\0\0.1293.jpg,0,166,121,100,100,0.0,1
Yang_Jianli\0\0.1294.jpg,0,166,119,96,96,0.0,1
Yang_Jianli\0\0.1295.jpg,0,164,120,95,95,0.0,1
Yang_Jianli\0\0.1296.jpg,0,164,120,107,107,0.0,1
Yang_Jianli\0\0.1297.jpg,0,160,120,105,105,0.0,1
Yang_Jianli\0\0.1298.jpg,0,160,119,96,96,0.0,1
Yang_Jianli\0\0.1299.jpg,0,159,120,97,97,0.0,1
Yang_Jianli\0\0.1300.jpg,0,161,119,96,96,0.0,1
Yang_Jianli\0\0.1301.jpg,0,160,119,93,93,0.0,1
Yang_Jianli\0\0.1302.jpg,0,159,119,96,96,0.0,1
Yang_Jianli\0\0.1303.jpg,0,158,120,94,94,0.0,1
Yang_Jianli\0\0.1304.jpg,0,156,120,90,90,0.0,1
Yang_Jianli\0\0.1305.jpg,0,156,120,93,93,0.0,1
Yang_Jianli\0\0.1306.jpg,0,156,122,94,94,0.0,1
Yang_Jianli\0\0.1307.jpg,0,155,121,97,97,0.0,1
Yang_Jianli\0\0.1308.jpg,0,154,125,104,104,0.0,1
Yang_Jianli\0\0.1309.jpg,0,156,123,98,98,0.0,1
Yang_Jianli\0\0.1310.jpg,0,158,123,96,96,0.0,1
Yang_Jianli\0\0.1311.jpg,0,159,121,95,95,0.0,1
Yang_Jianli\0\0.1312.jpg,0,158,125,100,100,0.0,1
Yang_Jianli\0\0.1313.jpg,0,160,123,99,99,0.0,1
Yang_Jianli\0\0.1314.jpg,0,163,122,94,94,0.0,1
Yang_Jianli\0\0.1315.jpg,0,163,121,96,96,0.0,1
Yang_Jianli\0\0.1316.jpg,0,164,120,105,105,0.0,1
Yang_Jianli\0\0.1317.jpg,0,164,120,110,110,0.0,1
Yang_Jianli\0\0.1318.jpg,0,166,118,102,102,0.0,1
Yang_Jianli\0\0.1319.jpg,0,165,119,99,99,0.0,1
Yang_Jianli\0\0.1320.jpg,0,164,119,100,100,0.0,1
Yang_Jianli\0\0.1321.jpg,0,166,119,94,94,0.0,1
Yang_Jianli\0\0.1322.jpg,0,165,123,93,93,0.0,1
Yang_Jianli\0\0.1323.jpg,0,164,124,99,99,0.0,1
Yang_Jianli\0\0.1324.jpg,0,167,123,99,99,0.0,1
Yang_Jianli\0\0.1325.jpg,0,166,124,101,101,0.0,1
Yang_Jianli\0\0.1326.jpg,0,167,124,96,96,0.0,1
Yang_Jianli\0\0.1327.jpg,0,167,125,100,100,0.0,1
Yang_Jianli\0\0.1328.jpg,0,168,125,102,102,0.0,1
Yang_Jianli\0\0.1329.jpg,0,169,126,108,108,0.0,1
Yang_Jianli\0\0.1330.jpg,0,167,125,103,103,0.0,1
Yang_Jianli\0\0.1331.jpg,0,167,124,101,101,0.0,1
Yang_Jianli\0\0.1332.jpg,0,167,124,101,101,0.0,1
Yang_Jianli\0\0.1333.jpg,0,169,124,100,100,0.0,1
Yang_Jianli\0\0.1334.jpg,0,168,123,102,102,0.0,1
Yang_Jianli\0\0.1335.jpg,0,168,123,104,104,0.0,1
Yang_Jianli\0\0.1336.jpg,0,165,122,107,107,0.0,1
Yang_Jianli\0\0.1337.jpg,0,164,122,102,102,0.0,1
Yang_Jianli\0\0.1338.jpg,0,166,120,105,105,0.0,1
Yang_Jianli\0\0.1339.jpg,0,166,121,107,107,0.0,1
Yang_Jianli\0\0.1340.jpg,0,167,121,106,106,0.0,1
Yang_Jianli\0\0.1341.jpg,0,166,122,104,104,0.0,1
Yang_Jianli\0\0.1342.jpg,0,163,121,109,109,0.0,1
Yang_Jianli\0\0.1343.jpg,0,164,121,103,103,0.0,1
Yang_Jianli\0\0.1344.jpg,0,163,121,105,105,0.0,1
Yang_Jianli\0\0.1345.jpg,0,162,120,107,107,0.0,1
Yang_Jianli\0\0.1346.jpg,0,159,121,109,109,0.0,1
Yang_Jianli\0\0.1347.jpg,0,160,121,105,105,0.0,1
Yang_Jianli\0\0.1348.jpg,0,159,119,105,105,0.0,1
Yang_Jianli\0\0.1349.jpg,0,158,120,105,105,0.0,1
Yang_Jianli\0\0.1350.jpg,0,159,120,102,102,0.0,1
Yang_Jianli\0\0.1351.jpg,0,159,121,104,104,0.0,1
Yang_Jianli\0\0.1352.jpg,0,159,121,104,104,0.0,1
Yang_Jianli\0\0.1353.jpg,0,159,121,104,104,0.0,1
Yang_Jianli\0\0.1354.jpg,0,159,121,104,104,0.0,1
Yang_Jianli\0\0.1355.jpg,0,159,120,105,105,0.0,1
Yang_Jianli\0\0.1356.jpg,0,159,121,108,108,0.0,1
Yang_Jianli\0\0.1357.jpg,0,160,121,106,106,0.0,1
Yang_Jianli\0\0.1358.jpg,0,159,120,102,102,0.0,1
Yang_Jianli\0\0.1359.jpg,0,160,119,102,102,0.0,1
Yang_Jianli\0\0.1360.jpg,0,159,119,105,105,0.0,1
Yang_Jianli\0\0.1361.jpg,0,160,119,103,103,0.0,1
Yang_Jianli\0\0.1362.jpg,0,160,118,104,104,0.0,1
Yang_Jianli\0\0.1363.jpg,0,160,118,103,103,0.0,1
Yang_Jianli\0\0.1364.jpg,0,160,117,105,105,0.0,1
Yang_Jianli\0\0.1365.jpg,0,159,116,107,107,0.0,1
Yang_Jianli\0\0.1366.jpg,0,159,117,105,105,0.0,1
Yang_Jianli\0\0.1367.jpg,0,160,115,101,101,0.0,1
Yang_Jianli\0\0.1368.jpg,0,160,114,107,107,0.0,1
Yang_Jianli\0\0.1369.jpg,0,160,115,107,107,0.0,1
Yang_Jianli\0\0.1370.jpg,0,159,114,107,107,0.0,1
Yang_Jianli\0\0.1371.jpg,0,160,114,104,104,0.0,1
Yang_Jianli\0\0.1372.jpg,0,160,114,104,104,0.0,1
Yang_Jianli\0\0.1373.jpg,0,158,112,105,105,0.0,1
Yang_Jianli\0\0.1374.jpg,0,159,113,107,107,0.0,1
Yang_Jianli\0\0.1375.jpg,0,159,114,104,104,0.0,1
Yang_Jianli\0\0.1376.jpg,0,159,114,104,104,0.0,1
Yang_Jianli\0\0.1377.jpg,0,159,114,97,97,0.0,1
Yang_Jianli\0\0.1378.jpg,0,158,116,102,102,0.0,1
Yang_Jianli\0\0.1379.jpg,0,160,114,95,95,0.0,1
Yang_Jianli\0\0.1380.jpg,0,160,115,97,97,0.0,1
Yang_Jianli\0\0.1381.jpg,0,161,115,88,88,0.0,1
Yang_Jianli\0\0.1382.jpg,0,161,116,100,100,0.0,1
Yang_Jianli\0\0.1383.jpg,0,160,116,103,103,0.0,1
Yang_Jianli\0\0.1384.jpg,0,159,114,99,99,0.0,1
Yang_Jianli\0\0.1385.jpg,0,161,114,92,92,0.0,1
Yang_Jianli\0\0.1386.jpg,0,161,116,98,98,0.0,1
Yang_Jianli\0\0.1387.jpg,0,160,116,101,101,0.0,1
Yang_Jianli\0\0.1388.jpg,0,161,115,95,95,0.0,1
Yang_Jianli\0\0.1389.jpg,0,163,115,91,91,0.0,1
Yang_Jianli\0\0.1390.jpg,0,160,119,106,106,0.0,1
Yang_Jianli\0\0.1391.jpg,0,159,117,97,97,0.0,1
Yang_Jianli\0\0.1392.jpg,0,161,119,109,109,0.0,1
Yang_Jianli\0\0.1393.jpg,0,161,119,109,109,0.0,1
Yang_Jianli\0\0.1394.jpg,0,162,118,105,105,0.0,1
Yang_Jianli\0\0.1395.jpg,0,160,120,107,107,0.0,1
Yang_Jianli\0\0.1396.jpg,0,160,120,102,102,0.0,1
Yang_Jianli\0\0.1397.jpg,0,161,119,105,105,0.0,1
Yang_Jianli\0\0.1398.jpg,0,162,119,102,102,0.0,1
Yang_Jianli\0\0.1399.jpg,0,161,118,95,95,0.0,1
Yang_Jianli\0\0.1400.jpg,0,161,120,105,105,0.0,1
Yang_Jianli\0\0.1401.jpg,0,161,119,105,105,0.0,1
Yang_Jianli\0\0.1402.jpg,0,162,119,104,104,0.0,1
Yang_Jianli\0\0.1403.jpg,0,161,117,98,98,0.0,1
Yang_Jianli\0\0.1404.jpg,0,161,118,107,107,0.0,1
Yang_Jianli\0\0.1405.jpg,0,162,119,106,106,0.0,1
Yang_Jianli\0\0.1406.jpg,0,159,118,105,105,0.0,1
Yang_Jianli\0\0.1407.jpg,0,159,119,111,111,0.0,1
Yang_Jianli\0\0.1408.jpg,0,160,119,114,114,0.0,1
Yang_Jianli\0\0.1409.jpg,0,160,119,114,114,0.0,1
Yang_Jianli\0\0.1410.jpg,0,161,119,110,110,0.0,1
Yang_Jianli\0\0.1411.jpg,0,161,119,110,110,0.0,1
Yang_Jianli\0\0.1412.jpg,0,160,119,110,110,0.0,1
Yang_Jianli\0\0.1413.jpg,0,160,119,110,110,0.0,1
Yang_Jianli\0\0.1414.jpg,0,160,119,110,110,0.0,1
Yang_Jianli\0\0.1415.jpg,0,160,118,104,104,0.0,1
Yang_Jianli\0\0.1416.jpg,0,160,118,104,104,0.0,1
Yang_Jianli\0\0.1417.jpg,0,160,118,106,106,0.0,1
Yang_Jianli\0\0.1418.jpg,0,161,118,96,96,0.0,1
Yang_Jianli\0\0.1419.jpg,0,160,117,105,105,0.0,1
Yang_Jianli\0\0.1420.jpg,0,161,117,99,99,0.0,1
Yang_Jianli\0\0.1421.jpg,0,162,117,98,98,0.0,1
Yang_Jianli\0\0.1422.jpg,0,161,118,104,104,0.0,1
Yang_Jianli\0\0.1423.jpg,0,161,117,102,102,0.0,1
Yang_Jianli\0\0.1424.jpg,0,160,116,101,101,0.0,1
Yang_Jianli\0\0.1425.jpg,0,160,117,103,103,0.0,1
Yang_Jianli\0\0.1426.jpg,0,162,118,103,103,0.0,1
Yang_Jianli\0\0.1427.jpg,0,161,119,105,105,0.0,1
Yang_Jianli\0\0.1428.jpg,0,162,118,105,105,0.0,1
Yang_Jianli\0\0.1429.jpg,0,163,117,96,96,0.0,1
Yang_Jianli\0\0.1430.jpg,0,162,114,101,101,0.0,1
Yang_Jianli\0\0.1431.jpg,0,162,114,101,101,0.0,1
Yang_Jianli\0\0.1432.jpg,0,163,115,100,100,0.0,1
Yang_Jianli\0\0.1433.jpg,0,161,114,99,99,0.0,1
Yang_Jianli\1\1.2.jpg,0,184,126,105,105,0.0,1
Yang_Jianli\1\1.3.jpg,0,185,128,101,101,0.0,1
Yang_Jianli\1\1.4.jpg,0,185,127,102,102,0.0,1
Yang_Jianli\1\1.5.jpg,0,185,127,102,102,0.0,1
Yang_Jianli\1\1.6.jpg,0,185,128,102,102,0.0,1
Yang_Jianli\1\1.7.jpg,1,185,129,98,98,0.0,1
Yang_Jianli\1\1.8.jpg,1,185,129,98,98,0.0,1
Yang_Jianli\1\1.9.jpg,1,185,128,101,101,0.0,1
Yang_Jianli\1\1.10.jpg,0,185,128,101,101,0.0,1
Yang_Jianli\1\1.11.jpg,0,186,128,104,104,0.0,1
Yang_Jianli\1\1.12.jpg,0,185,127,105,105,0.0,1
Yang_Jianli\1\1.13.jpg,1,185,127,105,105,0.0,1
Yang_Jianli\1\1.14.jpg,0,184,127,99,99,0.0,1
Yang_Jianli\1\1.15.jpg,1,185,128,98,98,0.0,1
Yang_Jianli\1\1.16.jpg,0,185,128,98,98,0.0,1
Yang_Jianli\1\1.17.jpg,0,184,129,101,101,0.0,1
Yang_Jianli\1\1.18.jpg,1,184,129,101,101,0.0,1
Yang_Jianli\1\1.19.jpg,0,185,128,97,97,0.0,1
Yang_Jianli\1\1.20.jpg,1,185,128,96,96,0.0,1
Yang_Jianli\1\1.21.jpg,1,185,128,96,96,0.0,1
Yang_Jianli\1\1.22.jpg,0,184,130,96,96,0.0,1
Yang_Jianli\1\1.23.jpg,0,186,128,104,104,0.0,1
Yang_Jianli\1\1.24.jpg,0,186,128,104,104,0.0,1
Yang_Jianli\1\1.25.jpg,0,185,128,104,104,0.0,1
Yang_Jianli\1\1.26.jpg,0,185,128,104,104,0.0,1
Yang_Jianli\1\1.27.jpg,0,186,128,102,102,0.0,1
Yang_Jianli\1\1.28.jpg,0,184,130,101,101,0.0,1
Yang_Jianli\1\1.29.jpg,0,184,130,101,101,0.0,1
Yang_Jianli\1\1.30.jpg,1,184,129,101,101,0.0,1
Yang_Jianli\1\1.31.jpg,0,184,129,101,101,0.0,1
Yang_Jianli\1\1.32.jpg,0,184,129,101,101,0.0,1
Yang_Jianli\1\1.33.jpg,0,185,130,94,94,0.0,1
Yang_Jianli\1\1.34.jpg,0,185,130,94,94,0.0,1
Yang_Jianli\1\1.35.jpg,0,182,131,109,109,0.0,1
Yang_Jianli\1\1.36.jpg,0,182,131,107,107,0.0,1
Yang_Jianli\1\1.37.jpg,0,182,131,107,107,0.0,1
Yang_Jianli\1\1.38.jpg,0,182,131,107,107,0.0,1
Yang_Jianli\1\1.39.jpg,0,185,131,102,102,0.0,1
Yang_Jianli\1\1.40.jpg,0,185,131,102,102,0.0,1
Yang_Jianli\1\1.41.jpg,0,184,129,103,103,0.0,1
Yang_Jianli\1\1.42.jpg,0,184,129,103,103,0.0,1
Yang_Jianli\1\1.43.jpg,0,185,130,105,105,0.0,1
Yang_Jianli\1\1.44.jpg,0,185,126,108,108,0.0,1
Yang_Jianli\1\1.45.jpg,0,185,126,108,108,0.0,1
Yang_Jianli\1\1.46.jpg,0,184,129,105,105,0.0,1
Yang_Jianli\1\1.47.jpg,0,182,129,113,113,0.0,1
Yang_Jianli\1\1.48.jpg,0,182,129,113,113,0.0,1
Yang_Jianli\1\1.49.jpg,0,183,129,109,109,0.0,1
Yang_Jianli\1\1.50.jpg,0,183,129,109,109,0.0,1
Yang_Jianli\1\1.51.jpg,1,184,132,102,102,0.0,1
Yang_Jianli\1\1.52.jpg,0,184,132,99,99,0.0,1
Yang_Jianli\1\1.53.jpg,0,184,132,99,99,0.0,1
Yang_Jianli\1\1.54.jpg,0,184,129,102,102,0.0,1
Yang_Jianli\1\1.55.jpg,0,184,128,112,112,0.0,1
Yang_Jianli\1\1.56.jpg,0,184,128,112,112,0.0,1
Yang_Jianli\1\1.57.jpg,0,185,128,110,110,0.0,1
Yang_Jianli\1\1.58.jpg,0,185,128,110,110,0.0,1
Yang_Jianli\1\1.59.jpg,0,179,128,115,115,0.0,1
Yang_Jianli\1\1.60.jpg,0,180,129,113,113,0.0,1
Yang_Jianli\1\1.61.jpg,0,180,129,113,113,0.0,1
Yang_Jianli\1\1.62.jpg,0,182,128,106,106,0.0,1
Yang_Jianli\1\1.63.jpg,0,182,129,110,110,0.0,1
Yang_Jianli\1\1.64.jpg,0,182,129,110,110,0.0,1
Yang_Jianli\1\1.65.jpg,0,183,129,106,106,0.0,1
Yang_Jianli\1\1.66.jpg,0,183,129,106,106,0.0,1
Yang_Jianli\1\1.67.jpg,1,182,128,107,107,0.0,1
Yang_Jianli\1\1.68.jpg,0,183,127,107,107,0.0,1
Yang_Jianli\1\1.69.jpg,0,183,127,107,107,0.0,1
Yang_Jianli\1\1.70.jpg,0,181,129,113,113,0.0,1
Yang_Jianli\1\1.71.jpg,0,180,128,115,115,0.0,1
Yang_Jianli\1\1.72.jpg,0,180,128,115,115,0.0,1
Yang_Jianli\1\1.73.jpg,1,184,127,98,98,0.0,1
Yang_Jianli\1\1.74.jpg,0,184,127,98,98,0.0,1
Yang_Jianli\1\1.75.jpg,0,186,125,94,94,0.0,1
Yang_Jianli\1\1.76.jpg,0,184,122,105,105,0.0,1
Yang_Jianli\1\1.77.jpg,0,184,122,105,105,0.0,1
Yang_Jianli\1\1.78.jpg,0,185,125,102,102,0.0,1
Yang_Jianli\1\1.79.jpg,0,185,125,102,102,0.0,1
Yang_Jianli\1\1.80.jpg,0,185,125,102,102,0.0,1
Yang_Jianli\1\1.81.jpg,0,184,122,103,103,0.0,1
Yang_Jianli\1\1.82.jpg,0,184,122,103,103,0.0,1
Yang_Jianli\1\1.83.jpg,0,185,123,102,102,0.0,1
Yang_Jianli\1\1.84.jpg,0,185,123,102,102,0.0,1
Yang_Jianli\1\1.85.jpg,0,185,123,102,102,0.0,1
Yang_Jianli\1\1.86.jpg,0,185,125,99,99,0.0,1
Yang_Jianli\1\1.87.jpg,0,185,123,104,104,0.0,1
Yang_Jianli\1\1.88.jpg,0,185,123,104,104,0.0,1
Yang_Jianli\1\1.89.jpg,0,185,123,102,102,0.0,1
Yang_Jianli\1\1.90.jpg,1,185,123,102,102,0.0,1
Yang_Jianli\1\1.91.jpg,0,184,123,103,103,0.0,1
Yang_Jianli\1\1.92.jpg,0,185,123,104,104,0.0,1
Yang_Jianli\1\1.93.jpg,0,185,123,104,104,0.0,1
Yang_Jianli\1\1.94.jpg,1,184,123,112,112,0.0,1
Yang_Jianli\1\1.95.jpg,0,183,125,111,111,0.0,1
Yang_Jianli\1\1.96.jpg,0,183,125,111,111,0.0,1
Yang_Jianli\1\1.97.jpg,1,186,127,86,86,0.0,1
Yang_Jianli\1\1.98.jpg,0,186,127,86,86,0.0,1
Yang_Jianli\3\3.1756.jpg,0,241,129,137,137,0.0,1
Yang_Jianli\3\3.1757.jpg,0,240,130,138,138,0.0,1
Yang_Jianli\3\3.1758.jpg,0,239,127,134,134,0.0,1
Yang_Jianli\3\3.1759.jpg,0,238,126,133,133,0.0,1
Yang_Jianli\3\3.1760.jpg,0,238,127,133,133,0.0,1
Yang_Jianli\3\3.1761.jpg,0,238,128,135,135,0.0,1
Yang_Jianli\3\3.1762.jpg,0,238,128,138,138,0.0,1
Yang_Jianli\3\3.1763.jpg,0,239,133,138,138,0.0,1
Yang_Jianli\3\3.1764.jpg,0,238,134,137,137,0.0,1
Yang_Jianli\3\3.1765.jpg,0,239,138,134,134,0.0,1
Yang_Jianli\3\3.1766.jpg,0,240,139,136,136,0.0,1
Yang_Jianli\3\3.1767.jpg,0,239,144,138,138,0.0,1
Yang_Jianli\3\3.1768.jpg,0,240,144,136,136,0.0,1
Yang_Jianli\3\3.1769.jpg,0,238,147,139,139,0.0,1
Yang_Jianli\3\3.1770.jpg,0,240,148,135,135,0.0,1
Yang_Jianli\3\3.1771.jpg,0,238,149,137,137,0.0,1
Yang_Jianli\3\3.1772.jpg,0,237,151,136,136,0.0,1
Yang_Jianli\3\3.1773.jpg,0,240,150,138,138,0.0,1
Yang_Jianli\3\3.1774.jpg,0,239,150,138,138,0.0,1
Yang_Jianli\3\3.1775.jpg,0,237,149,135,135,0.0,1
Yang_Jianli\3\3.1776.jpg,0,237,148,135,135,0.0,1
Yang_Jianli\3\3.1777.jpg,0,237,148,138,138,0.0,1
Yang_Jianli\3\3.1778.jpg,0,236,147,142,142,0.0,1
Yang_Jianli\3\3.1779.jpg,0,237,142,137,137,0.0,1
Yang_Jianli\3\3.1780.jpg,0,235,141,140,140,0.0,1
Yang_Jianli\3\3.1781.jpg,0,235,139,140,140,0.0,1
Yang_Jianli\3\3.1782.jpg,0,235,139,140,140,0.0,1
Yang_Jianli\3\3.1783.jpg,1,234,138,140,140,0.0,1
Yang_Jianli\3\3.1784.jpg,0,233,136,141,141,0.0,1
Yang_Jianli\3\3.1785.jpg,0,233,137,139,139,0.0,1
Yang_Jianli\3\3.1786.jpg,1,235,138,140,140,0.0,1
Yang_Jianli\3\3.1787.jpg,0,234,138,137,137,0.0,1
Yang_Jianli\3\3.1788.jpg,0,233,141,140,140,0.0,1
Yang_Jianli\3\3.1789.jpg,0,235,143,141,141,0.0,1
Yang_Jianli\3\3.1790.jpg,0,236,144,140,140,0.0,1
Yang_Jianli\3\3.1791.jpg,0,235,148,148,148,0.0,1
Yang_Jianli\3\3.1792.jpg,0,235,149,141,141,0.0,1
Yang_Jianli\3\3.1793.jpg,0,235,149,147,147,0.0,1
Yang_Jianli\3\3.1794.jpg,0,236,148,146,146,0.0,1
Yang_Jianli\3\3.1795.jpg,0,235,144,137,137,0.0,1
Yang_Jianli\3\3.1796.jpg,0,235,143,138,138,0.0,1
Yang_Jianli\3\3.1797.jpg,0,238,142,138,138,0.0,1
Yang_Jianli\3\3.1798.jpg,0,235,141,143,143,0.0,1
Yang_Jianli\3\3.1799.jpg,0,235,139,141,141,0.0,1
Yang_Jianli\3\3.1800.jpg,0,236,138,140,140,0.0,1
Yang_Jianli\3\3.1801.jpg,0,232,137,141,141,0.0,1
Yang_Jianli\3\3.1802.jpg,0,235,136,140,140,0.0,1
Yang_Jianli\3\3.1803.jpg,0,233,135,139,139,0.0,1
Yang_Jianli\3\3.1804.jpg,0,235,135,140,140,0.0,1
Yang_Jianli\3\3.1805.jpg,0,234,135,142,142,0.0,1
Yang_Jianli\3\3.1806.jpg,0,234,136,144,144,0.0,1
Yang_Jianli\3\3.1807.jpg,0,233,136,145,145,0.0,1
Yang_Jianli\3\3.1808.jpg,0,234,134,143,143,0.0,1
Yang_Jianli\3\3.1809.jpg,0,234,136,144,144,0.0,1
Yang_Jianli\3\3.1810.jpg,0,234,136,143,143,0.0,1
Yang_Jianli\3\3.1811.jpg,0,233,137,142,142,0.0,1
Yang_Jianli\3\3.1812.jpg,0,233,136,139,139,0.0,1
Yang_Jianli\3\3.1813.jpg,0,233,137,138,138,0.0,1
Yang_Jianli\3\3.1814.jpg,0,234,137,142,142,0.0,1
Yang_Jianli\3\3.1815.jpg,0,233,138,145,145,0.0,1
Yang_Jianli\3\3.1816.jpg,0,232,138,145,145,0.0,1
Yang_Jianli\3\3.1817.jpg,0,234,137,143,143,0.0,1
Yang_Jianli\3\3.1818.jpg,0,234,137,141,141,0.0,1
Yang_Jianli\3\3.1819.jpg,0,234,139,144,144,0.0,1
Yang_Jianli\3\3.1820.jpg,0,235,138,141,141,0.0,1
Yang_Jianli\3\3.1821.jpg,0,234,138,141,141,0.0,1
Yang_Jianli\3\3.1822.jpg,0,234,137,140,140,0.0,1
Yang_Jianli\3\3.1823.jpg,0,234,137,141,141,0.0,1
Yang_Jianli\3\3.1824.jpg,0,234,138,141,141,0.0,1
Yang_Jianli\3\3.1825.jpg,0,233,138,143,143,0.0,1
Yang_Jianli\3\3.1826.jpg,0,233,139,143,143,0.0,1
Yang_Jianli\3\3.1827.jpg,0,231,139,145,145,0.0,1
Yang_Jianli\3\3.1828.jpg,0,232,140,146,146,0.0,1
Yang_Jianli\3\3.1829.jpg,0,232,140,146,146,0.0,1
Yang_Jianli\3\3.1830.jpg,0,232,140,147,147,0.0,1
Yang_Jianli\3\3.1831.jpg,0,234,140,142,142,0.0,1
Yang_Jianli\3\3.1832.jpg,0,233,138,143,143,0.0,1
Yang_Jianli\3\3.1833.jpg,0,234,139,144,144,0.0,1
Yang_Jianli\3\3.1834.jpg,0,232,138,142,142,0.0,1
Yang_Jianli\3\3.1835.jpg,0,233,137,144,144,0.0,1
Yang_Jianli\3\3.1836.jpg,0,233,136,141,141,0.0,1
Yang_Jianli\3\3.1837.jpg,0,234,135,146,146,0.0,1
Yang_Jianli\3\3.1838.jpg,0,233,134,143,143,0.0,1
Yang_Jianli\3\3.1839.jpg,0,235,133,141,141,0.0,1
Yang_Jianli\3\3.1840.jpg,0,235,134,136,136,0.0,1
Yang_Jianli\3\3.1841.jpg,0,233,133,137,137,0.0,1
Yang_Jianli\3\3.1842.jpg,0,234,133,141,141,0.0,1
Yang_Jianli\3\3.1843.jpg,0,232,134,143,143,0.0,1
Yang_Jianli\3\3.1844.jpg,0,233,133,141,141,0.0,1
Yang_Jianli\3\3.1845.jpg,0,233,133,139,139,0.0,1
Yang_Jianli\3\3.1846.jpg,0,231,134,141,141,0.0,1
Yang_Jianli\3\3.1847.jpg,0,233,134,142,142,0.0,1
Yang_Jianli\3\3.1848.jpg,0,234,134,140,140,0.0,1
Yang_Jianli\3\3.1849.jpg,0,231,133,141,141,0.0,1
Yang_Jianli\3\3.1850.jpg,0,232,133,140,140,0.0,1
Yang_Jianli\3\3.1851.jpg,0,233,134,140,140,0.0,1
Yang_Jianli\3\3.1852.jpg,0,233,134,140,140,0.0,1
Yang_Jianli\3\3.1853.jpg,0,233,133,140,140,0.0,1
Yang_Jianli\3\3.1854.jpg,0,233,133,142,142,0.0,1
Yang_Jianli\3\3.1855.jpg,0,233,133,140,140,0.0,1
Yang_Jianli\3\3.1856.jpg,0,233,133,138,138,0.0,1
Yang_Jianli\3\3.1857.jpg,0,232,133,140,140,0.0,1
Yang_Jianli\3\3.1858.jpg,0,234,133,142,142,0.0,1
Yang_Jianli\3\3.1859.jpg,0,234,132,141,141,0.0,1
Yang_Jianli\3\3.1860.jpg,0,235,132,137,137,0.0,1
Yang_Jianli\3\3.1861.jpg,0,235,132,143,143,0.0,1
Yang_Jianli\3\3.1862.jpg,0,236,132,140,140,0.0,1
Yang_Jianli\3\3.1863.jpg,0,236,132,140,140,0.0,1
Yang_Jianli\3\3.1864.jpg,0,234,132,144,144,0.0,1
Yang_Jianli\3\3.1865.jpg,0,234,131,145,145,0.0,1
Yang_Jianli\3\3.1866.jpg,0,236,131,143,143,0.0,1
Yang_Jianli\3\3.1867.jpg,0,235,131,143,143,0.0,1
Yang_Jianli\3\3.1868.jpg,0,236,131,142,142,0.0,1
Yang_Jianli\3\3.1869.jpg,0,235,131,137,137,0.0,1
Yang_Jianli\3\3.1870.jpg,0,236,132,140,140,0.0,1
Yang_Jianli\3\3.1871.jpg,0,236,132,140,140,0.0,1
Yang_Jianli\3\3.1872.jpg,0,235,131,141,141,0.0,1
Yang_Jianli\3\3.1873.jpg,0,235,131,139,139,0.0,1
Yang_Jianli\3\3.1874.jpg,0,234,133,142,142,0.0,1
Yang_Jianli\3\3.1875.jpg,0,235,131,139,139,0.0,1
Yang_Jianli\3\3.1876.jpg,0,235,131,138,138,0.0,1
Yang_Jianli\3\3.1877.jpg,0,236,132,138,138,0.0,1
Yang_Jianli\3\3.1878.jpg,0,233,132,141,141,0.0,1
Yang_Jianli\3\3.1879.jpg,0,233,132,142,142,0.0,1
Yang_Jianli\3\3.1880.jpg,0,230,133,140,140,0.0,1
Yang_Jianli\3\3.1881.jpg,0,231,133,140,140,0.0,1
Yang_Jianli\3\3.1882.jpg,0,231,133,141,141,0.0,1
Yang_Jianli\3\3.1883.jpg,0,234,133,143,143,0.0,1
Yang_Jianli\3\3.1884.jpg,0,235,133,136,136,0.0,1
Yang_Jianli\3\3.1885.jpg,0,233,133,139,139,0.0,1
Yang_Jianli\3\3.1886.jpg,0,234,132,142,142,0.0,1
Yang_Jianli\3\3.1887.jpg,0,233,132,141,141,0.0,1
Yang_Jianli\3\3.1888.jpg,0,232,132,142,142,0.0,1
Yang_Jianli\3\3.1889.jpg,0,233,132,140,140,0.0,1
Yang_Jianli\3\3.1890.jpg,0,234,132,141,141,0.0,1
Yang_Jianli\3\3.1891.jpg,0,233,132,142,142,0.0,1
Yang_Jianli\3\3.1892.jpg,0,234,132,144,144,0.0,1
Yang_Jianli\3\3.1893.jpg,0,232,132,142,142,0.0,1
Yang_Jianli\3\3.1894.jpg,0,232,132,143,143,0.0,1
Yang_Jianli\3\3.1895.jpg,0,234,132,141,141,0.0,1
Yang_Jianli\3\3.1896.jpg,0,234,132,139,139,0.0,1
Yang_Jianli\3\3.1897.jpg,0,233,132,140,140,0.0,1
Yang_Jianli\3\3.1898.jpg,0,232,133,143,143,0.0,1
Yang_Jianli\3\3.1899.jpg,0,233,130,139,139,0.0,1
Yang_Jianli\3\3.1900.jpg,0,233,130,140,140,0.0,1
Yang_Jianli\3\3.1901.jpg,0,233,130,140,140,0.0,1
Yang_Jianli\3\3.1902.jpg,0,233,130,142,142,0.0,1
Yang_Jianli\3\3.1903.jpg,0,233,130,140,140,0.0,1
Yang_Jianli\3\3.1904.jpg,0,232,129,139,139,0.0,1
Yang_Jianli\3\3.1905.jpg,0,232,129,137,137,0.0,1
Yang_Jianli\3\3.1906.jpg,0,233,130,138,138,0.0,1
Yang_Jianli\3\3.1907.jpg,0,234,130,138,138,0.0,1
Yang_Jianli\3\3.1908.jpg,0,234,129,140,140,0.0,1
Yang_Jianli\3\3.1909.jpg,0,233,130,141,141,0.0,1
Yang_Jianli\3\3.1910.jpg,0,234,131,140,140,0.0,1
Yang_Jianli\3\3.1911.jpg,0,234,130,138,138,0.0,1
Yang_Jianli\3\3.1912.jpg,0,234,131,136,136,0.0,1
Yang_Jianli\3\3.1913.jpg,0,233,130,139,139,0.0,1
Yang_Jianli\3\3.1914.jpg,0,234,130,138,138,0.0,1
Yang_Jianli\3\3.1915.jpg,0,232,129,141,141,0.0,1
Yang_Jianli\3\3.1916.jpg,0,233,129,141,141,0.0,1
Yang_Jianli\3\3.1917.jpg,0,234,130,138,138,0.0,1
Yang_Jianli\3\3.1918.jpg,0,233,129,139,139,0.0,1
Yang_Jianli\3\3.1919.jpg,0,233,129,139,139,0.0,1
Yang_Jianli\3\3.1920.jpg,0,234,130,138,138,0.0,1
Yang_Jianli\3\3.1921.jpg,0,234,129,135,135,0.0,1
Yang_Jianli\3\3.1922.jpg,0,235,130,134,134,0.0,1
Yang_Jianli\3\3.1923.jpg,0,235,130,134,134,0.0,1
Yang_Jianli\3\3.1924.jpg,0,235,130,136,136,0.0,1
Yang_Jianli\3\3.1925.jpg,0,235,130,136,136,0.0,1
Yang_Jianli\3\3.1926.jpg,0,235,130,139,139,0.0,1
Yang_Jianli\3\3.1927.jpg,0,235,130,140,140,0.0,1
Yang_Jianli\3\3.1928.jpg,0,235,129,142,142,0.0,1
Yang_Jianli\3\3.1929.jpg,0,235,129,136,136,0.0,1
Yang_Jianli\3\3.1930.jpg,0,234,129,136,136,0.0,1
Yang_Jianli\3\3.1931.jpg,0,233,129,142,142,0.0,1
Yang_Jianli\3\3.1932.jpg,0,232,128,143,143,0.0,1
Yang_Jianli\3\3.1933.jpg,0,234,128,138,138,0.0,1
Yang_Jianli\3\3.1934.jpg,0,235,129,137,137,0.0,1
Yang_Jianli\3\3.1935.jpg,0,238,128,137,137,0.0,1
Yang_Jianli\3\3.1936.jpg,0,239,128,133,133,0.0,1
Yang_Jianli\3\3.1937.jpg,0,240,127,133,133,0.0,1
Yang_Jianli\3\3.1938.jpg,0,238,127,135,135,0.0,1
Yang_Jianli\3\3.1939.jpg,0,238,129,137,137,0.0,1
Yang_Jianli\3\3.1940.jpg,0,238,129,137,137,0.0,1
Yang_Jianli\3\3.1941.jpg,0,237,130,138,138,0.0,1
Yang_Jianli\3\3.1942.jpg,0,237,132,134,134,0.0,1
Yang_Jianli\3\3.1943.jpg,0,236,133,138,138,0.0,1
Yang_Jianli\3\3.1944.jpg,1,236,132,142,142,0.0,1
Yang_Jianli\3\3.1945.jpg,0,234,131,141,141,0.0,1
Yang_Jianli\3\3.1946.jpg,0,236,131,139,139,0.0,1
Yang_Jianli\3\3.1947.jpg,1,238,135,132,132,0.0,1
Yang_Jianli\3\3.1948.jpg,0,237,134,133,133,0.0,1
Yang_Jianli\3\3.1949.jpg,2,238,134,136,136,0.0,1
Yang_Jianli\3\3.1950.jpg,1,237,133,142,142,0.0,1
Yang_Jianli\3\3.1951.jpg,0,235,133,142,142,0.0,1
Yang_Jianli\3\3.1952.jpg,0,234,132,143,143,0.0,1
Yang_Jianli\3\3.1953.jpg,1,234,132,140,140,0.0,1
Yang_Jianli\3\3.1954.jpg,1,235,132,140,140,0.0,1
Yang_Jianli\3\3.1955.jpg,0,235,130,139,139,0.0,1
Yang_Jianli\3\3.1956.jpg,0,236,130,139,139,0.0,1
Yang_Jianli\3\3.1957.jpg,0,234,130,139,139,0.0,1
Yang_Jianli\3\3.1958.jpg,0,235,130,139,139,0.0,1
Yang_Jianli\3\3.1959.jpg,1,235,130,142,142,0.0,1
Yang_Jianli\3\3.1960.jpg,0,236,130,141,141,0.0,1
Yang_Jianli\3\3.1961.jpg,0,235,129,138,138,0.0,1
Yang_Jianli\3\3.1962.jpg,0,236,129,136,136,0.0,1
Yang_Jianli\3\3.1963.jpg,0,234,130,139,139,0.0,1
Yang_Jianli\3\3.1964.jpg,0,235,130,141,141,0.0,1
Yang_Jianli\3\3.1965.jpg,0,236,131,140,140,0.0,1
Yang_Jianli\3\3.1966.jpg,0,236,131,139,139,0.0,1
Yang_Jianli\3\3.1967.jpg,0,236,131,142,142,0.0,1
Yang_Jianli\3\3.1968.jpg,0,236,132,142,142,0.0,1
Yang_Jianli\3\3.1969.jpg,0,237,132,144,144,0.0,1
Yang_Jianli\3\3.1970.jpg,0,237,131,144,144,0.0,1
Yang_Jianli\3\3.1971.jpg,0,236,131,143,143,0.0,1
Yang_Jianli\3\3.1972.jpg,0,236,131,140,140,0.0,1
Yang_Jianli\3\3.1973.jpg,0,236,130,141,141,0.0,1
Yang_Jianli\3\3.1974.jpg,0,236,129,139,139,0.0,1
Yang_Jianli\3\3.1975.jpg,0,237,130,140,140,0.0,1
Yang_Jianli\3\3.1976.jpg,0,237,130,138,138,0.0,1
Yang_Jianli\3\3.1977.jpg,0,237,129,140,140,0.0,1
Yang_Jianli\3\3.1978.jpg,0,237,129,140,140,0.0,1
Yang_Jianli\3\3.1979.jpg,0,236,132,142,142,0.0,1
Yang_Jianli\3\3.1980.jpg,0,237,132,141,141,0.0,1
Yang_Jianli\3\3.1981.jpg,0,237,133,141,141,0.0,1
Yang_Jianli\3\3.1982.jpg,0,237,133,137,137,0.0,1
Yang_Jianli\3\3.1983.jpg,1,239,134,139,139,0.0,1
Yang_Jianli\3\3.1984.jpg,0,238,133,139,139,0.0,1
Yang_Jianli\3\3.1985.jpg,0,238,135,140,140,0.0,1
Yang_Jianli\3\3.1986.jpg,0,240,137,137,137,0.0,1
Yang_Jianli\3\3.1987.jpg,0,241,140,137,137,0.0,1
Yang_Jianli\3\3.1988.jpg,0,242,141,145,145,0.0,1
Yang_Jianli\3\3.1989.jpg,0,243,140,141,141,0.0,1
Yang_Jianli\3\3.1990.jpg,0,243,140,139,139,0.0,1
Yang_Jianli\3\3.1991.jpg,0,241,141,141,141,0.0,1
Yang_Jianli\3\3.1992.jpg,0,242,141,142,142,0.0,1
Yang_Jianli\3\3.1993.jpg,0,241,142,146,146,0.0,1
Yang_Jianli\3\3.1994.jpg,0,240,141,142,142,0.0,1
Yang_Jianli\3\3.1995.jpg,0,240,140,138,138,0.0,1
Yang_Jianli\3\3.1996.jpg,0,238,139,138,138,0.0,1
Yang_Jianli\3\3.1997.jpg,0,238,140,141,141,0.0,1
Yang_Jianli\3\3.1998.jpg,0,238,139,139,139,0.0,1
Yang_Jianli\3\3.1999.jpg,0,237,138,139,139,0.0,1
Yang_Jianli\3\3.2000.jpg,0,237,136,141,141,0.0,1
Yang_Jianli\3\3.2001.jpg,0,240,135,142,142,0.0,1
Yang_Jianli\3\3.2002.jpg,0,239,135,141,141,0.0,1
Yang_Jianli\3\3.2003.jpg,0,238,132,139,139,0.0,1
Yang_Jianli\3\3.2004.jpg,0,240,132,134,134,0.0,1
Yang_Jianli\3\3.2005.jpg,0,239,133,135,135,0.0,1
Yang_Jianli\3\3.2006.jpg,0,239,133,139,139,0.0,1
Yang_Jianli\3\3.2007.jpg,0,237,133,143,143,0.0,1
Yang_Jianli\3\3.2008.jpg,0,239,131,139,139,0.0,1
Yang_Jianli\3\3.2009.jpg,0,240,130,143,143,0.0,1
Yang_Jianli\3\3.2010.jpg,0,239,127,139,139,0.0,1
Yang_Jianli\3\3.2011.jpg,0,239,128,142,142,0.0,1
Yang_Jianli\3\3.2012.jpg,0,241,129,136,136,0.0,1
Yang_Jianli\3\3.2013.jpg,0,239,128,142,142,0.0,1
Yang_Jianli\3\3.2014.jpg,0,240,128,141,141,0.0,1
Yang_Jianli\3\3.2015.jpg,0,238,132,141,141,0.0,1
Yang_Jianli\3\3.2016.jpg,0,239,133,141,141,0.0,1
Yang_Jianli\3\3.2017.jpg,0,239,136,139,139,0.0,1
Yang_Jianli\3\3.2018.jpg,0,239,138,138,138,0.0,1
Yang_Jianli\3\3.2019.jpg,0,238,139,142,142,0.0,1
Yang_Jianli\3\3.2020.jpg,0,238,138,142,142,0.0,1
Yang_Jianli\3\3.2021.jpg,0,241,137,138,138,0.0,1
Yang_Jianli\3\3.2022.jpg,0,239,136,134,134,0.0,1
Yang_Jianli\3\3.2023.jpg,0,239,138,140,140,0.0,1
Yang_Jianli\3\3.2024.jpg,0,238,137,142,142,0.0,1
Yang_Jianli\3\3.2025.jpg,0,238,137,145,145,0.0,1
Yang_Jianli\3\3.2026.jpg,1,237,136,140,140,0.0,1
Yang_Jianli\3\3.2027.jpg,0,235,133,141,141,0.0,1
Yang_Jianli\3\3.2028.jpg,1,235,134,145,145,0.0,1
Yang_Jianli\3\3.2029.jpg,1,234,133,141,141,0.0,1
Yang_Jianli\3\3.2030.jpg,0,235,134,142,142,0.0,1
Yang_Jianli\3\3.2031.jpg,0,234,134,143,143,0.0,1
Yang_Jianli\3\3.2032.jpg,0,235,134,142,142,0.0,1
Yang_Jianli\3\3.2033.jpg,0,236,134,142,142,0.0,1
Yang_Jianli\3\3.2034.jpg,0,235,134,141,141,0.0,1
Yang_Jianli\3\3.2035.jpg,1,235,133,140,140,0.0,1
Yang_Jianli\3\3.2036.jpg,0,237,133,140,140,0.0,1
Yang_Jianli\3\3.2037.jpg,0,234,133,143,143,0.0,1
Yang_Jianli\3\3.2038.jpg,0,235,132,141,141,0.0,1
Yang_Jianli\3\3.2039.jpg,0,236,132,143,143,0.0,1
Yang_Jianli\3\3.2040.jpg,0,235,132,142,142,0.0,1
Yang_Jianli\3\3.2041.jpg,0,236,132,140,140,0.0,1
Yang_Jianli\3\3.2042.jpg,0,234,132,139,139,0.0,1
Yang_Jianli\3\3.2043.jpg,0,235,132,139,139,0.0,1
Yang_Jianli\3\3.2044.jpg,0,235,132,141,141,0.0,1
Yang_Jianli\3\3.2045.jpg,0,236,134,140,140,0.0,1
Yang_Jianli\3\3.2046.jpg,0,235,135,140,140,0.0,1
Yang_Jianli\3\3.2047.jpg,0,234,137,141,141,0.0,1
Yang_Jianli\3\3.2048.jpg,0,237,138,141,141,0.0,1
Yang_Jianli\3\3.2049.jpg,0,236,139,142,142,0.0,1
Yang_Jianli\3\3.2050.jpg,0,239,137,140,140,0.0,1
Yang_Jianli\3\3.2051.jpg,0,238,137,138,138,0.0,1
Yang_Jianli\3\3.2052.jpg,0,235,136,143,143,0.0,1
Yang_Jianli\3\3.2053.jpg,0,237,137,139,139,0.0,1
Yang_Jianli\3\3.2054.jpg,0,238,135,138,138,0.0,1
Yang_Jianli\3\3.2055.jpg,0,236,134,140,140,0.0,1
Yang_Jianli\3\3.2056.jpg,1,236,135,142,142,0.0,1
Yang_Jianli\3\3.2057.jpg,0,235,135,142,142,0.0,1
Yang_Jianli\3\3.2058.jpg,1,235,135,140,140,0.0,1
Yang_Jianli\3\3.2059.jpg,0,236,134,139,139,0.0,1
Yang_Jianli\3\3.2060.jpg,0,236,134,138,138,0.0,1
Yang_Jianli\3\3.2061.jpg,0,236,134,140,140,0.0,1
Yang_Jianli\3\3.2062.jpg,0,235,133,140,140,0.0,1
Yang_Jianli\3\3.2063.jpg,0,237,134,138,138,0.0,1
Yang_Jianli\3\3.2064.jpg,0,235,133,141,141,0.0,1
Yang_Jianli\3\3.2065.jpg,0,234,133,139,139,0.0,1
Yang_Jianli\3\3.2066.jpg,0,235,134,142,142,0.0,1
Yang_Jianli\3\3.2067.jpg,0,235,133,143,143,0.0,1
Yang_Jianli\3\3.2068.jpg,0,235,133,142,142,0.0,1
Yang_Jianli\3\3.2069.jpg,0,234,132,143,143,0.0,1
Yang_Jianli\3\3.2070.jpg,0,235,133,143,143,0.0,1
Yang_Jianli\3\3.2071.jpg,0,235,133,143,143,0.0,1
Yang_Jianli\3\3.2072.jpg,0,236,133,141,141,0.0,1
Yang_Jianli\3\3.2073.jpg,0,236,133,141,141,0.0,1
Yang_Jianli\3\3.2074.jpg,0,236,133,141,141,0.0,1
Yang_Jianli\3\3.2075.jpg,1,236,134,143,143,0.0,1
Yang_Jianli\3\3.2076.jpg,0,236,134,140,140,0.0,1
Yang_Jianli\3\3.2077.jpg,0,237,137,142,142,0.0,1
Yang_Jianli\3\3.2078.jpg,0,238,137,139,139,0.0,1
Yang_Jianli\3\3.2079.jpg,0,238,138,141,141,0.0,1
Yang_Jianli\3\3.2080.jpg,0,238,139,134,134,0.0,1
Yang_Jianli\3\3.2081.jpg,0,236,139,138,138,0.0,1
Yang_Jianli\3\3.2082.jpg,0,234,139,141,141,0.0,1
Yang_Jianli\3\3.2083.jpg,0,235,139,140,140,0.0,1
Yang_Jianli\3\3.2084.jpg,0,232,139,143,143,0.0,1
Yang_Jianli\3\3.2085.jpg,0,237,139,140,140,0.0,1
Yang_Jianli\3\3.2086.jpg,0,236,140,140,140,0.0,1
Yang_Jianli\3\3.2087.jpg,0,238,138,142,142,0.0,1
Yang_Jianli\3\3.2088.jpg,0,237,137,141,141,0.0,1
Yang_Jianli\3\3.2089.jpg,0,237,138,141,141,0.0,1
Yang_Jianli\3\3.2090.jpg,0,238,138,144,144,0.0,1
Yang_Jianli\3\3.2091.jpg,0,238,137,142,142,0.0,1
Yang_Jianli\3\3.2092.jpg,0,238,135,142,142,0.0,1
Yang_Jianli\3\3.2093.jpg,0,236,134,141,141,0.0,1
Yang_Jianli\3\3.2094.jpg,0,236,134,141,141,0.0,1
Yang_Jianli\3\3.2095.jpg,0,237,134,140,140,0.0,1
Yang_Jianli\3\3.2096.jpg,0,235,133,142,142,0.0,1
Yang_Jianli\3\3.2097.jpg,0,236,132,141,141,0.0,1
Yang_Jianli\3\3.2098.jpg,0,237,133,138,138,0.0,1
Yang_Jianli\3\3.2099.jpg,0,238,131,136,136,0.0,1
Yang_Jianli\3\3.2100.jpg,0,239,132,141,141,0.0,1
Yang_Jianli\3\3.2101.jpg,0,237,132,139,139,0.0,1
Yang_Jianli\3\3.2102.jpg,0,238,132,138,138,0.0,1
Yang_Jianli\3\3.2103.jpg,0,237,131,135,135,0.0,1
Yang_Jianli\3\3.2104.jpg,0,237,132,138,138,0.0,1
Yang_Jianli\3\3.2105.jpg,0,237,133,140,140,0.0,1
Yang_Jianli\3\3.2106.jpg,0,237,133,141,141,0.0,1
Yang_Jianli\3\3.2107.jpg,0,237,132,143,143,0.0,1
Yang_Jianli\3\3.2108.jpg,0,236,132,141,141,0.0,1
Yang_Jianli\3\3.2109.jpg,0,237,132,138,138,0.0,1
Yang_Jianli\3\3.2110.jpg,1,237,132,140,140,0.0,1
Yang_Jianli\3\3.2111.jpg,0,235,131,141,141,0.0,1
Yang_Jianli\3\3.2112.jpg,1,235,131,140,140,0.0,1
Yang_Jianli\3\3.2113.jpg,1,235,130,139,139,0.0,1
Yang_Jianli\3\3.2114.jpg,0,235,131,137,137,0.0,1
Yang_Jianli\3\3.2115.jpg,0,234,131,139,139,0.0,1
Yang_Jianli\3\3.2116.jpg,0,235,131,140,140,0.0,1
Yang_Jianli\3\3.2117.jpg,0,232,131,136,136,0.0,1
Yang_Jianli\3\3.2118.jpg,0,232,130,135,135,0.0,1
Yang_Jianli\3\3.2119.jpg,0,231,131,137,137,0.0,1
Yang_Jianli\3\3.2120.jpg,0,232,131,135,135,0.0,1
Yang_Jianli\3\3.2121.jpg,0,230,131,137,137,0.0,1
Yang_Jianli\3\3.2122.jpg,0,228,132,139,139,0.0,1
Yang_Jianli\3\3.2123.jpg,0,228,133,142,142,0.0,1
Yang_Jianli\3\3.2124.jpg,0,228,131,139,139,0.0,1
Yang_Jianli\3\3.2125.jpg,0,227,131,136,136,0.0,1
Yang_Jianli\3\3.2126.jpg,0,227,131,138,138,0.0,1
Yang_Jianli\3\3.2127.jpg,0,227,132,136,136,0.0,1
Yang_Jianli\3\3.2128.jpg,0,226,132,142,142,0.0,1
Yang_Jianli\3\3.2129.jpg,0,226,132,136,136,0.0,1
Yang_Jianli\3\3.2130.jpg,0,226,131,134,134,0.0,1
Yang_Jianli\3\3.2131.jpg,0,224,130,145,145,0.0,1
Yang_Jianli\3\3.2132.jpg,0,226,131,142,142,0.0,1
Yang_Jianli\3\3.2133.jpg,0,227,131,144,144,0.0,1
Yang_Jianli\3\3.2134.jpg,0,227,130,142,142,0.0,1
Yang_Jianli\3\3.2135.jpg,0,228,130,138,138,0.0,1
Yang_Jianli\3\3.2136.jpg,0,227,130,137,137,0.0,1
Yang_Jianli\3\3.2137.jpg,0,227,130,140,140,0.0,1
Yang_Jianli\3\3.2138.jpg,0,227,129,135,135,0.0,1
Yang_Jianli\3\3.2139.jpg,0,228,130,137,137,0.0,1
Yang_Jianli\3\3.2140.jpg,0,228,130,138,138,0.0,1
Yang_Jianli\3\3.2141.jpg,0,228,130,140,140,0.0,1
Yang_Jianli\3\3.2142.jpg,0,227,130,141,141,0.0,1
Yang_Jianli\3\3.2143.jpg,0,230,130,137,137,0.0,1
Yang_Jianli\3\3.2144.jpg,0,230,130,138,138,0.0,1
Yang_Jianli\3\3.2145.jpg,0,228,130,135,135,0.0,1
Yang_Jianli\3\3.2146.jpg,0,228,131,141,141,0.0,1
Yang_Jianli\3\3.2147.jpg,0,230,131,139,139,0.0,1
Yang_Jianli\3\3.2148.jpg,0,230,131,139,139,0.0,1
Yang_Jianli\3\3.2149.jpg,0,231,131,137,137,0.0,1
Yang_Jianli\3\3.2150.jpg,0,231,132,139,139,0.0,1
Yang_Jianli\3\3.2151.jpg,0,232,133,138,138,0.0,1
Yang_Jianli\3\3.2152.jpg,0,233,135,138,138,0.0,1
