Yao_Ming\3\3.449.jpg,0,280,141,112,112,0.0,1
Yao_Ming\3\3.450.jpg,0,276,140,115,115,0.0,1
Yao_Ming\3\3.451.jpg,0,276,140,114,114,0.0,1
Yao_Ming\3\3.452.jpg,0,275,140,111,111,0.0,1
Yao_Ming\3\3.453.jpg,0,276,140,112,112,0.0,1
Yao_Ming\3\3.454.jpg,0,274,140,111,111,0.0,1
Yao_Ming\3\3.455.jpg,0,274,139,114,114,0.0,1
Yao_Ming\3\3.456.jpg,0,275,139,112,112,0.0,1
Yao_Ming\3\3.457.jpg,0,273,139,115,115,0.0,1
Yao_Ming\3\3.458.jpg,0,273,140,113,113,0.0,1
Yao_Ming\3\3.459.jpg,0,274,140,111,111,0.0,1
Yao_Ming\3\3.460.jpg,0,274,140,111,111,0.0,1
Yao_Ming\3\3.461.jpg,0,273,140,111,111,0.0,1
Yao_Ming\3\3.462.jpg,0,273,140,111,111,0.0,1
Yao_Ming\3\3.463.jpg,0,273,140,115,115,0.0,1
Yao_Ming\3\3.464.jpg,0,274,139,113,113,0.0,1
Yao_Ming\3\3.465.jpg,0,274,139,111,111,0.0,1
Yao_Ming\3\3.466.jpg,0,274,140,114,114,0.0,1
Yao_Ming\3\3.467.jpg,0,274,139,108,108,0.0,1
Yao_Ming\3\3.468.jpg,0,275,140,110,110,0.0,1
Yao_Ming\3\3.469.jpg,0,275,139,113,113,0.0,1
Yao_Ming\3\3.470.jpg,0,276,139,117,117,0.0,1
Yao_Ming\3\3.471.jpg,0,276,140,118,118,0.0,1
Yao_Ming\3\3.472.jpg,0,277,139,116,116,0.0,1
Yao_Ming\3\3.473.jpg,0,276,140,110,110,0.0,1
Yao_Ming\3\3.474.jpg,0,276,140,114,114,0.0,1
Yao_Ming\3\3.475.jpg,0,276,140,112,112,0.0,1
Yao_Ming\3\3.476.jpg,0,277,140,120,120,0.0,1
Yao_Ming\3\3.477.jpg,0,276,140,116,116,0.0,1
Yao_Ming\3\3.478.jpg,0,277,141,118,118,0.0,1
Yao_Ming\3\3.479.jpg,0,276,141,116,116,0.0,1
Yao_Ming\3\3.480.jpg,0,276,138,120,120,0.0,1
Yao_Ming\3\3.481.jpg,0,276,139,119,119,0.0,1
Yao_Ming\3\3.482.jpg,0,277,140,118,118,0.0,1
Yao_Ming\3\3.483.jpg,0,276,139,120,120,0.0,1
Yao_Ming\3\3.484.jpg,0,276,138,117,117,0.0,1
Yao_Ming\3\3.485.jpg,0,277,139,120,120,0.0,1
Yao_Ming\3\3.486.jpg,0,277,139,122,122,0.0,1
Yao_Ming\3\3.487.jpg,0,276,137,115,115,0.0,1
Yao_Ming\3\3.488.jpg,0,276,137,115,115,0.0,1
Yao_Ming\3\3.489.jpg,0,276,138,117,117,0.0,1
Yao_Ming\3\3.490.jpg,0,276,137,117,117,0.0,1
Yao_Ming\3\3.491.jpg,0,277,139,116,116,0.0,1
Yao_Ming\3\3.492.jpg,0,276,138,118,118,0.0,1
Yao_Ming\3\3.493.jpg,0,276,139,116,116,0.0,1
Yao_Ming\3\3.494.jpg,0,276,138,120,120,0.0,1
Yao_Ming\3\3.495.jpg,0,275,138,118,118,0.0,1
Yao_Ming\3\3.496.jpg,0,277,138,122,122,0.0,1
Yao_Ming\3\3.497.jpg,0,277,137,126,126,0.0,1
