Yogi_Berra\1\1.1108.jpg,0,277,153,203,203,0.0,1
Yogi_Berra\1\1.1109.jpg,0,277,153,201,201,0.0,1
Yogi_Berra\1\1.1110.jpg,0,278,152,203,203,0.0,1
Yogi_Berra\1\1.1111.jpg,0,279,153,203,203,0.0,1
Yogi_Berra\1\1.1112.jpg,0,279,153,202,202,0.0,1
Yogi_Berra\1\1.1113.jpg,0,279,156,198,198,0.0,1
Yogi_Berra\1\1.1114.jpg,0,278,155,194,194,0.0,1
Yogi_Berra\1\1.1115.jpg,0,278,157,200,200,0.0,1
Yogi_Berra\1\1.1116.jpg,0,278,157,202,202,0.0,1
Yogi_Berra\1\1.1117.jpg,0,276,157,197,197,0.0,1
Yogi_Berra\1\1.1118.jpg,0,276,156,198,198,0.0,1
Yogi_Berra\1\1.1119.jpg,0,276,156,199,199,0.0,1
Yogi_Berra\1\1.1120.jpg,0,276,157,199,199,0.0,1
Yogi_Berra\1\1.1121.jpg,0,278,158,204,204,0.0,1
Yogi_Berra\1\1.1122.jpg,0,277,157,205,205,0.0,1
Yogi_Berra\1\1.1123.jpg,1,276,158,202,202,0.0,1
Yogi_Berra\1\1.1124.jpg,1,277,157,202,202,0.0,1
Yogi_Berra\1\1.1125.jpg,1,277,156,199,199,0.0,1
Yogi_Berra\1\1.1126.jpg,0,277,156,198,198,0.0,1
Yogi_Berra\1\1.1127.jpg,0,276,156,195,195,0.0,1
Yogi_Berra\1\1.1128.jpg,0,275,156,189,189,0.0,1
Yogi_Berra\1\1.1129.jpg,0,277,157,193,193,0.0,1
Yogi_Berra\1\1.1130.jpg,0,276,157,187,187,0.0,1
Yogi_Berra\1\1.1131.jpg,0,276,156,189,189,0.0,1
Yogi_Berra\1\1.1132.jpg,0,276,156,189,189,0.0,1
Yogi_Berra\1\1.1133.jpg,0,277,157,190,190,0.0,1
Yogi_Berra\1\1.1134.jpg,0,276,156,189,189,0.0,1
Yogi_Berra\1\1.1135.jpg,0,276,157,186,186,0.0,1
Yogi_Berra\1\1.1136.jpg,0,276,158,186,186,0.0,1
Yogi_Berra\1\1.1137.jpg,0,275,156,183,183,0.0,1
Yogi_Berra\1\1.1138.jpg,0,276,155,187,187,0.0,1
Yogi_Berra\1\1.1139.jpg,0,277,155,192,192,0.0,1
Yogi_Berra\1\1.1140.jpg,0,278,154,190,190,0.0,1
Yogi_Berra\1\1.1141.jpg,0,279,152,195,195,0.0,1
Yogi_Berra\1\1.1142.jpg,1,279,150,189,189,0.0,1
Yogi_Berra\1\1.1143.jpg,1,282,150,193,193,0.0,1
Yogi_Berra\1\1.1144.jpg,1,282,151,192,192,0.0,1
Yogi_Berra\1\1.1145.jpg,1,286,150,197,197,0.0,1
Yogi_Berra\1\1.1146.jpg,1,285,151,192,192,0.0,1
Yogi_Berra\1\1.1147.jpg,1,287,149,197,197,0.0,1
Yogi_Berra\1\1.1148.jpg,0,287,148,195,195,0.0,1
Yogi_Berra\1\1.1149.jpg,0,287,149,195,195,0.0,1
Yogi_Berra\1\1.1150.jpg,1,287,148,194,194,0.0,1
Yogi_Berra\1\1.1151.jpg,0,286,147,192,192,0.0,1
Yogi_Berra\1\1.1152.jpg,1,288,147,194,194,0.0,1
Yogi_Berra\1\1.1153.jpg,0,287,146,196,196,0.0,1
Yogi_Berra\1\1.1154.jpg,0,287,146,194,194,0.0,1
Yogi_Berra\1\1.1155.jpg,1,287,146,197,197,0.0,1
Yogi_Berra\1\1.1156.jpg,1,287,147,193,193,0.0,1
Yogi_Berra\1\1.1157.jpg,1,290,148,194,194,0.0,1
Yogi_Berra\1\1.1158.jpg,1,289,147,191,191,0.0,1
Yogi_Berra\1\1.1159.jpg,0,288,147,189,189,0.0,1
Yogi_Berra\1\1.1160.jpg,1,287,146,191,191,0.0,1
Yogi_Berra\1\1.1161.jpg,1,288,148,191,191,0.0,1
Yogi_Berra\1\1.1162.jpg,0,286,148,195,195,0.0,1
Yogi_Berra\1\1.1163.jpg,0,287,148,195,195,0.0,1
Yogi_Berra\1\1.1164.jpg,1,287,148,194,194,0.0,1
Yogi_Berra\1\1.1165.jpg,1,288,148,192,192,0.0,1
Yogi_Berra\1\1.1166.jpg,1,286,148,195,195,0.0,1
Yogi_Berra\1\1.1167.jpg,0,287,148,197,197,0.0,1
Yogi_Berra\1\1.1168.jpg,1,286,148,194,194,0.0,1
Yogi_Berra\1\1.1169.jpg,1,285,149,193,193,0.0,1
Yogi_Berra\1\1.1170.jpg,0,285,150,197,197,0.0,1
Yogi_Berra\1\1.1171.jpg,0,287,150,194,194,0.0,1
Yogi_Berra\1\1.1172.jpg,0,286,150,197,197,0.0,1
Yogi_Berra\1\1.1173.jpg,0,286,151,195,195,0.0,1
Yogi_Berra\1\1.1174.jpg,0,286,151,194,194,0.0,1
Yogi_Berra\1\1.1175.jpg,0,286,152,192,192,0.0,1
Yogi_Berra\1\1.1176.jpg,0,287,151,190,190,0.0,1
Yogi_Berra\1\1.1177.jpg,0,287,150,191,191,0.0,1
Yogi_Berra\1\1.1178.jpg,0,288,152,196,196,0.0,1
Yogi_Berra\1\1.1179.jpg,0,288,151,190,190,0.0,1
Yogi_Berra\1\1.1180.jpg,0,288,150,194,194,0.0,1
Yogi_Berra\1\1.1181.jpg,0,286,150,189,189,0.0,1
Yogi_Berra\1\1.1182.jpg,0,286,150,191,191,0.0,1
Yogi_Berra\1\1.1183.jpg,0,288,151,188,188,0.0,1
Yogi_Berra\1\1.1184.jpg,0,287,154,190,190,0.0,1
Yogi_Berra\1\1.1185.jpg,0,289,154,188,188,0.0,1
Yogi_Berra\1\1.1186.jpg,0,289,155,186,186,0.0,1
Yogi_Berra\1\1.1187.jpg,0,288,155,184,184,0.0,1
Yogi_Berra\1\1.1188.jpg,0,288,156,186,186,0.0,1
Yogi_Berra\1\1.1189.jpg,0,287,158,184,184,0.0,1
Yogi_Berra\1\1.1190.jpg,0,288,159,190,190,0.0,1
Yogi_Berra\1\1.1191.jpg,0,290,160,185,185,0.0,1
Yogi_Berra\1\1.1192.jpg,0,289,160,186,186,0.0,1
Yogi_Berra\1\1.1193.jpg,0,290,160,188,188,0.0,1
Yogi_Berra\1\1.1194.jpg,0,289,159,187,187,0.0,1
Yogi_Berra\1\1.1195.jpg,0,289,159,183,183,0.0,1
Yogi_Berra\1\1.1196.jpg,0,288,158,182,182,0.0,1
Yogi_Berra\1\1.1197.jpg,0,290,156,184,184,0.0,1
Yogi_Berra\1\1.1198.jpg,0,289,155,182,182,0.0,1
Yogi_Berra\1\1.1199.jpg,0,288,152,190,190,0.0,1
Yogi_Berra\1\1.1200.jpg,0,290,152,193,193,0.0,1
Yogi_Berra\1\1.1201.jpg,0,290,155,193,193,0.0,1
Yogi_Berra\1\1.1202.jpg,0,291,154,192,192,0.0,1
Yogi_Berra\1\1.1203.jpg,0,289,155,193,193,0.0,1
Yogi_Berra\1\1.1204.jpg,0,287,155,187,187,0.0,1
Yogi_Berra\1\1.1205.jpg,0,286,155,190,190,0.0,1
Yogi_Berra\1\1.1206.jpg,0,287,155,192,192,0.0,1
Yogi_Berra\1\1.1207.jpg,0,286,155,192,192,0.0,1
Yogi_Berra\1\1.1208.jpg,0,284,154,193,193,0.0,1
Yogi_Berra\1\1.1209.jpg,0,283,153,193,193,0.0,1
Yogi_Berra\1\1.1210.jpg,0,284,152,197,197,0.0,1
Yogi_Berra\1\1.1211.jpg,1,282,153,191,191,0.0,1
Yogi_Berra\1\1.1212.jpg,0,283,154,196,196,0.0,1
Yogi_Berra\1\1.1213.jpg,0,283,154,198,198,0.0,1
Yogi_Berra\1\1.1214.jpg,0,284,155,198,198,0.0,1
Yogi_Berra\1\1.1215.jpg,0,284,154,198,198,0.0,1
Yogi_Berra\1\1.1216.jpg,0,285,151,187,187,0.0,1
Yogi_Berra\1\1.1217.jpg,0,286,151,192,192,0.0,1
Yogi_Berra\1\1.1218.jpg,0,287,150,194,194,0.0,1
Yogi_Berra\1\1.1219.jpg,0,287,150,188,188,0.0,1
Yogi_Berra\1\1.1220.jpg,0,288,152,189,189,0.0,1
Yogi_Berra\1\1.1221.jpg,0,289,151,184,184,0.0,1
Yogi_Berra\1\1.1222.jpg,0,288,150,186,186,0.0,1
Yogi_Berra\1\1.1223.jpg,0,290,151,188,188,0.0,1
Yogi_Berra\1\1.1224.jpg,0,289,151,185,185,0.0,1
Yogi_Berra\1\1.1225.jpg,0,287,153,191,191,0.0,1
Yogi_Berra\1\1.1226.jpg,0,288,154,185,185,0.0,1
Yogi_Berra\1\1.1227.jpg,0,287,155,192,192,0.0,1
Yogi_Berra\1\1.1228.jpg,0,284,156,187,187,0.0,1
Yogi_Berra\1\1.1229.jpg,0,284,157,190,190,0.0,1
Yogi_Berra\1\1.1230.jpg,0,284,157,189,189,0.0,1
Yogi_Berra\1\1.1231.jpg,0,283,158,186,186,0.0,1
Yogi_Berra\1\1.1232.jpg,1,283,159,187,187,0.0,1
Yogi_Berra\1\1.1233.jpg,0,283,159,194,194,0.0,1
Yogi_Berra\1\1.1234.jpg,0,280,158,191,191,0.0,1
Yogi_Berra\1\1.1235.jpg,0,279,159,188,188,0.0,1
Yogi_Berra\1\1.1236.jpg,0,274,159,182,182,0.0,1
