Yoon_Jin-Sik\0\0.1427.jpg,0,178,89,105,105,0.0,1
Yoon_Jin-Sik\0\0.1428.jpg,0,177,88,103,103,0.0,1
Yoon_Jin-Sik\0\0.1429.jpg,0,177,89,102,102,0.0,1
Yoon_Jin-Sik\0\0.1430.jpg,0,178,89,102,102,0.0,1
Yoon_Jin-Sik\0\0.1431.jpg,0,179,90,108,108,0.0,1
Yoon_Jin-Sik\0\0.1432.jpg,0,179,90,106,106,0.0,1
Yoon_Jin-Sik\0\0.1433.jpg,0,178,89,105,105,0.0,1
Yoon_Jin-Sik\0\0.1434.jpg,0,178,89,103,103,0.0,1
Yoon_Jin-Sik\0\0.1435.jpg,0,178,89,103,103,0.0,1
Yoon_Jin-Sik\0\0.1436.jpg,0,178,89,103,103,0.0,1
Yoon_Jin-Sik\0\0.1437.jpg,0,178,89,105,105,0.0,1
Yoon_Jin-Sik\0\0.1438.jpg,0,179,89,104,104,0.0,1
Yoon_Jin-Sik\0\0.1439.jpg,0,178,89,103,103,0.0,1
Yoon_Jin-Sik\0\0.1440.jpg,0,178,89,103,103,0.0,1
Yoon_Jin-Sik\0\0.1441.jpg,0,178,89,102,102,0.0,1
Yoon_Jin-Sik\0\0.1442.jpg,0,178,89,105,105,0.0,1
Yoon_Jin-Sik\0\0.1443.jpg,0,178,89,102,102,0.0,1
Yoon_Jin-Sik\0\0.1444.jpg,0,178,89,105,105,0.0,1
Yoon_Jin-Sik\0\0.1445.jpg,0,178,90,102,102,0.0,1
Yoon_Jin-Sik\0\0.1446.jpg,0,178,90,102,102,0.0,1
Yoon_Jin-Sik\0\0.1447.jpg,0,178,90,105,105,0.0,1
Yoon_Jin-Sik\0\0.1448.jpg,0,178,90,104,104,0.0,1
Yoon_Jin-Sik\0\0.1449.jpg,0,178,90,102,102,0.0,1
Yoon_Jin-Sik\0\0.1450.jpg,0,178,90,104,104,0.0,1
Yoon_Jin-Sik\0\0.1451.jpg,0,178,90,105,105,0.0,1
Yoon_Jin-Sik\0\0.1452.jpg,0,178,90,105,105,0.0,1
Yoon_Jin-Sik\0\0.1453.jpg,0,178,90,105,105,0.0,1
Yoon_Jin-Sik\0\0.1454.jpg,0,178,90,104,104,0.0,1
Yoon_Jin-Sik\0\0.1455.jpg,0,178,90,104,104,0.0,1
Yoon_Jin-Sik\0\0.1456.jpg,0,179,90,104,104,0.0,1
Yoon_Jin-Sik\0\0.1457.jpg,0,178,89,103,103,0.0,1
Yoon_Jin-Sik\0\0.1458.jpg,0,178,90,104,104,0.0,1
Yoon_Jin-Sik\0\0.1459.jpg,0,179,90,104,104,0.0,1
Yoon_Jin-Sik\0\0.1460.jpg,0,178,90,103,103,0.0,1
Yoon_Jin-Sik\0\0.1461.jpg,0,179,90,102,102,0.0,1
Yoon_Jin-Sik\0\0.1462.jpg,0,177,90,104,104,0.0,1
Yoon_Jin-Sik\0\0.1463.jpg,0,177,90,103,103,0.0,1
Yoon_Jin-Sik\0\0.1464.jpg,0,177,90,103,103,0.0,1
Yoon_Jin-Sik\0\0.1465.jpg,0,177,90,103,103,0.0,1
Yoon_Jin-Sik\0\0.1466.jpg,0,176,89,103,103,0.0,1
Yoon_Jin-Sik\0\0.1467.jpg,0,177,90,102,102,0.0,1
Yoon_Jin-Sik\0\0.1468.jpg,0,176,89,101,101,0.0,1
Yoon_Jin-Sik\0\0.1469.jpg,0,177,89,98,98,0.0,1
Yoon_Jin-Sik\0\0.1470.jpg,0,177,88,98,98,0.0,1
Yoon_Jin-Sik\0\0.1471.jpg,0,177,89,100,100,0.0,1
Yoon_Jin-Sik\0\0.1472.jpg,0,177,89,99,99,0.0,1
Yoon_Jin-Sik\0\0.1473.jpg,0,176,89,100,100,0.0,1
Yoon_Jin-Sik\0\0.1474.jpg,0,176,89,103,103,0.0,1
Yoon_Jin-Sik\0\0.1475.jpg,0,178,91,102,102,0.0,1
Yoon_Jin-Sik\0\0.1476.jpg,0,177,91,100,100,0.0,1
Yoon_Jin-Sik\0\0.1477.jpg,0,176,91,101,101,0.0,1
Yoon_Jin-Sik\0\0.1478.jpg,0,177,91,102,102,0.0,1
Yoon_Jin-Sik\0\0.1479.jpg,0,178,92,100,100,0.0,1
Yoon_Jin-Sik\0\0.1480.jpg,0,177,91,101,101,0.0,1
Yoon_Jin-Sik\0\0.1481.jpg,0,177,91,101,101,0.0,1
Yoon_Jin-Sik\0\0.1482.jpg,0,178,91,102,102,0.0,1
Yoon_Jin-Sik\0\0.1483.jpg,0,178,91,102,102,0.0,1
Yoon_Jin-Sik\0\0.1484.jpg,0,176,90,105,105,0.0,1
Yoon_Jin-Sik\0\0.1485.jpg,0,177,90,105,105,0.0,1
Yoon_Jin-Sik\0\0.1486.jpg,0,176,90,103,103,0.0,1
Yoon_Jin-Sik\0\0.1487.jpg,0,176,90,105,105,0.0,1
Yoon_Jin-Sik\0\0.1488.jpg,0,176,90,105,105,0.0,1
Yoon_Jin-Sik\0\0.1489.jpg,0,176,90,103,103,0.0,1
Yoon_Jin-Sik\0\0.1490.jpg,0,176,90,103,103,0.0,1
Yoon_Jin-Sik\0\0.1491.jpg,0,176,90,103,103,0.0,1
Yoon_Jin-Sik\0\0.1492.jpg,0,176,90,103,103,0.0,1
Yoon_Jin-Sik\0\0.1493.jpg,0,176,90,103,103,0.0,1
Yoon_Jin-Sik\0\0.1494.jpg,0,176,90,105,105,0.0,1
Yoon_Jin-Sik\0\0.1495.jpg,0,176,90,105,105,0.0,1
Yoon_Jin-Sik\0\0.1496.jpg,0,177,90,105,105,0.0,1
Yoon_Jin-Sik\0\0.1497.jpg,0,176,91,105,105,0.0,1
Yoon_Jin-Sik\0\0.1498.jpg,0,177,92,102,102,0.0,1
Yoon_Jin-Sik\0\0.1499.jpg,0,177,93,104,104,0.0,1
Yoon_Jin-Sik\0\0.1500.jpg,0,177,92,103,103,0.0,1
Yoon_Jin-Sik\0\0.1501.jpg,0,176,92,103,103,0.0,1
Yoon_Jin-Sik\0\0.1502.jpg,0,176,92,102,102,0.0,1
Yoon_Jin-Sik\0\0.1503.jpg,0,177,92,103,103,0.0,1
Yoon_Jin-Sik\0\0.1504.jpg,0,176,92,103,103,0.0,1
Yoon_Jin-Sik\0\0.1505.jpg,0,176,93,104,104,0.0,1
Yoon_Jin-Sik\0\0.1506.jpg,0,176,92,103,103,0.0,1
Yoon_Jin-Sik\0\0.1507.jpg,0,176,93,102,102,0.0,1
Yoon_Jin-Sik\0\0.1508.jpg,0,176,94,104,104,0.0,1
Yoon_Jin-Sik\0\0.1509.jpg,0,176,93,105,105,0.0,1
Yoon_Jin-Sik\0\0.1510.jpg,0,175,92,101,101,0.0,1
Yoon_Jin-Sik\0\0.1511.jpg,0,176,91,101,101,0.0,1
Yoon_Jin-Sik\0\0.1512.jpg,0,176,90,103,103,0.0,1
Yoon_Jin-Sik\0\0.1513.jpg,0,176,90,102,102,0.0,1
Yoon_Jin-Sik\0\0.1514.jpg,0,176,89,103,103,0.0,1
Yoon_Jin-Sik\0\0.1515.jpg,0,177,87,99,99,0.0,1
Yoon_Jin-Sik\0\0.1516.jpg,0,177,87,99,99,0.0,1
Yoon_Jin-Sik\0\0.1517.jpg,0,177,87,99,99,0.0,1
Yoon_Jin-Sik\0\0.1518.jpg,0,177,87,99,99,0.0,1
Yoon_Jin-Sik\0\0.1519.jpg,0,176,88,101,101,0.0,1
Yoon_Jin-Sik\0\0.1520.jpg,0,176,88,99,99,0.0,1
Yoon_Jin-Sik\0\0.1521.jpg,0,176,87,99,99,0.0,1
