Yossi_Beilin\2\2.2381.jpg,0,211,78,65,65,0.0,1
Yossi_Beilin\2\2.2382.jpg,0,210,77,63,63,0.0,1
Yossi_Beilin\2\2.2383.jpg,0,204,75,64,64,0.0,1
Yossi_Beilin\2\2.2384.jpg,0,204,74,67,67,0.0,1
Yossi_Beilin\2\2.2385.jpg,0,204,73,67,67,0.0,1
Yossi_Beilin\2\2.2386.jpg,0,203,72,69,69,0.0,1
Yossi_Beilin\2\2.2387.jpg,0,201,73,66,66,0.0,1
Yossi_Beilin\2\2.2388.jpg,0,198,73,67,67,0.0,1
Yossi_Beilin\2\2.2389.jpg,0,195,73,65,65,0.0,1
Yossi_Beilin\2\2.2390.jpg,0,197,73,66,66,0.0,1
Yossi_Beilin\2\2.2391.jpg,0,195,74,68,68,0.0,1
Yossi_Beilin\2\2.2392.jpg,0,195,73,67,67,0.0,1
Yossi_Beilin\2\2.2393.jpg,0,194,73,68,68,0.0,1
Yossi_Beilin\2\2.2394.jpg,0,191,74,68,68,0.0,1
Yossi_Beilin\2\2.2395.jpg,0,191,73,67,67,0.0,1
Yossi_Beilin\2\2.2396.jpg,0,190,73,67,67,0.0,1
Yossi_Beilin\2\2.2397.jpg,0,190,73,66,66,0.0,1
Yossi_Beilin\2\2.2398.jpg,0,189,73,67,67,0.0,1
Yossi_Beilin\2\2.2399.jpg,0,189,73,69,69,0.0,1
Yossi_Beilin\2\2.2400.jpg,0,190,73,67,67,0.0,1
Yossi_Beilin\2\2.2401.jpg,0,192,73,69,69,0.0,1
Yossi_Beilin\2\2.2402.jpg,0,190,73,67,67,0.0,1
Yossi_Beilin\2\2.2403.jpg,0,188,73,65,65,0.0,1
Yossi_Beilin\2\2.2404.jpg,0,189,74,68,68,0.0,1
Yossi_Beilin\2\2.2405.jpg,0,190,74,66,66,0.0,1
Yossi_Beilin\2\2.2406.jpg,0,189,73,67,67,0.0,1
Yossi_Beilin\2\2.2407.jpg,0,191,74,68,68,0.0,1
Yossi_Beilin\2\2.2408.jpg,0,190,74,68,68,0.0,1
Yossi_Beilin\2\2.2409.jpg,0,191,74,68,68,0.0,1
Yossi_Beilin\2\2.2410.jpg,0,190,73,66,66,0.0,1
Yossi_Beilin\2\2.2411.jpg,0,190,74,68,68,0.0,1
Yossi_Beilin\2\2.2412.jpg,0,190,74,68,68,0.0,1
Yossi_Beilin\2\2.2413.jpg,0,192,74,68,68,0.0,1
Yossi_Beilin\2\2.2414.jpg,0,191,73,65,65,0.0,1
Yossi_Beilin\2\2.2415.jpg,0,190,74,69,69,0.0,1
Yossi_Beilin\2\2.2416.jpg,0,190,74,66,66,0.0,1
Yossi_Beilin\2\2.2417.jpg,0,190,74,66,66,0.0,1
Yossi_Beilin\2\2.2418.jpg,0,191,73,66,66,0.0,1
Yossi_Beilin\2\2.2419.jpg,0,191,73,69,69,0.0,1
Yossi_Beilin\2\2.2420.jpg,0,190,73,67,67,0.0,1
Yossi_Beilin\2\2.2421.jpg,0,192,74,68,68,0.0,1
Yossi_Beilin\2\2.2422.jpg,0,191,74,66,66,0.0,1
Yossi_Beilin\2\2.2423.jpg,0,191,74,68,68,0.0,1
Yossi_Beilin\2\2.2424.jpg,0,191,74,66,66,0.0,1
Yossi_Beilin\2\2.2425.jpg,0,191,74,66,66,0.0,1
Yossi_Beilin\2\2.2426.jpg,0,190,74,67,67,0.0,1
Yossi_Beilin\2\2.2427.jpg,0,192,73,68,68,0.0,1
Yossi_Beilin\2\2.2428.jpg,0,191,73,66,66,0.0,1
Yossi_Beilin\2\2.2429.jpg,0,192,73,67,67,0.0,1
Yossi_Beilin\2\2.2430.jpg,0,190,73,67,67,0.0,1
Yossi_Beilin\2\2.2431.jpg,0,190,73,67,67,0.0,1
Yossi_Beilin\2\2.2432.jpg,0,189,73,67,67,0.0,1
Yossi_Beilin\2\2.2433.jpg,0,192,73,66,66,0.0,1
Yossi_Beilin\2\2.2434.jpg,0,191,73,66,66,0.0,1
Yossi_Beilin\2\2.2435.jpg,0,190,73,67,67,0.0,1
Yossi_Beilin\2\2.2436.jpg,0,192,74,68,68,0.0,1
Yossi_Beilin\2\2.2437.jpg,0,190,74,67,67,0.0,1
Yossi_Beilin\2\2.2438.jpg,0,188,73,65,65,0.0,1
Yossi_Beilin\2\2.2439.jpg,0,188,73,65,65,0.0,1
Yossi_Beilin\2\2.2440.jpg,0,189,73,65,65,0.0,1
Yossi_Beilin\2\2.2441.jpg,0,189,73,66,66,0.0,1
Yossi_Beilin\2\2.2442.jpg,0,190,73,68,68,0.0,1
Yossi_Beilin\2\2.2443.jpg,0,191,73,70,70,0.0,1
Yossi_Beilin\2\2.2444.jpg,0,192,73,68,68,0.0,1
Yossi_Beilin\2\2.2445.jpg,0,187,72,63,63,0.0,1
Yossi_Beilin\2\2.2446.jpg,0,186,72,63,63,0.0,1
Yossi_Beilin\2\2.2447.jpg,0,186,73,63,63,0.0,1
Yossi_Beilin\2\2.2448.jpg,0,189,72,67,67,0.0,1
Yossi_Beilin\2\2.2449.jpg,0,188,71,65,65,0.0,1
Yossi_Beilin\2\2.2450.jpg,0,188,72,64,64,0.0,1
Yossi_Beilin\2\2.2451.jpg,0,188,72,64,64,0.0,1
Yossi_Beilin\2\2.2452.jpg,0,189,71,65,65,0.0,1
Yossi_Beilin\2\2.2453.jpg,0,191,71,67,67,0.0,1
Yossi_Beilin\2\2.2454.jpg,0,191,71,66,66,0.0,1
Yossi_Beilin\2\2.2455.jpg,0,191,70,66,66,0.0,1
Yossi_Beilin\2\2.2456.jpg,0,189,70,66,66,0.0,1
Yossi_Beilin\2\2.2457.jpg,0,189,69,65,65,0.0,1
Yossi_Beilin\2\2.2458.jpg,0,189,69,65,65,0.0,1
Yossi_Beilin\2\2.2459.jpg,0,188,69,65,65,0.0,1
Yossi_Beilin\2\2.2460.jpg,0,188,69,64,64,0.0,1
Yossi_Beilin\2\2.2461.jpg,0,189,69,65,65,0.0,1
Yossi_Beilin\2\2.2462.jpg,0,191,69,67,67,0.0,1
Yossi_Beilin\2\2.2463.jpg,0,190,70,64,64,0.0,1
Yossi_Beilin\2\2.2464.jpg,0,190,69,65,65,0.0,1
Yossi_Beilin\2\2.2465.jpg,0,190,69,65,65,0.0,1
Yossi_Beilin\2\2.2466.jpg,0,190,69,64,64,0.0,1
Yossi_Beilin\2\2.2467.jpg,0,192,69,66,66,0.0,1
Yossi_Beilin\2\2.2468.jpg,0,191,69,66,66,0.0,1
Yossi_Beilin\2\2.2469.jpg,0,190,69,67,67,0.0,1
Yossi_Beilin\2\2.2470.jpg,0,190,69,67,67,0.0,1
Yossi_Beilin\2\2.2471.jpg,0,190,70,66,66,0.0,1
Yossi_Beilin\2\2.2472.jpg,0,190,69,65,65,0.0,1
Yossi_Beilin\2\2.2473.jpg,0,190,69,65,65,0.0,1
Yossi_Beilin\2\2.2474.jpg,0,189,70,64,64,0.0,1
Yossi_Beilin\2\2.2475.jpg,0,192,70,66,66,0.0,1
Yossi_Beilin\2\2.2476.jpg,1,190,69,65,65,0.0,1
Yossi_Beilin\2\2.2477.jpg,0,190,69,67,67,0.0,1
Yossi_Beilin\2\2.2478.jpg,0,190,69,66,66,0.0,1
Yossi_Beilin\2\2.2479.jpg,0,189,69,64,64,0.0,1
Yossi_Beilin\2\2.2480.jpg,1,190,69,64,64,0.0,1
Yossi_Beilin\2\2.2481.jpg,0,189,69,64,64,0.0,1
Yossi_Beilin\2\2.2482.jpg,0,190,68,64,64,0.0,1
Yossi_Beilin\2\2.2483.jpg,0,191,69,66,66,0.0,1
Yossi_Beilin\2\2.2484.jpg,0,190,69,65,65,0.0,1
Yossi_Beilin\2\2.2485.jpg,0,189,69,65,65,0.0,1
Yossi_Beilin\2\2.2486.jpg,0,188,69,65,65,0.0,1
Yossi_Beilin\2\2.2487.jpg,0,188,69,65,65,0.0,1
Yossi_Beilin\2\2.2488.jpg,0,189,69,66,66,0.0,1
Yossi_Beilin\2\2.2489.jpg,0,190,69,66,66,0.0,1
Yossi_Beilin\2\2.2490.jpg,0,189,69,67,67,0.0,1
Yossi_Beilin\2\2.2491.jpg,0,190,70,68,68,0.0,1
Yossi_Beilin\2\2.2492.jpg,0,188,70,62,62,0.0,1
Yossi_Beilin\2\2.2493.jpg,0,188,70,63,63,0.0,1
Yossi_Beilin\2\2.2494.jpg,0,190,70,64,64,0.0,1
Yossi_Beilin\2\2.2495.jpg,0,190,70,66,66,0.0,1
Yossi_Beilin\2\2.2496.jpg,0,191,70,68,68,0.0,1
Yossi_Beilin\2\2.2497.jpg,0,190,70,68,68,0.0,1
Yossi_Beilin\2\2.2498.jpg,0,191,70,68,68,0.0,1
Yossi_Beilin\2\2.2499.jpg,0,192,70,67,67,0.0,1
Yossi_Beilin\2\2.2500.jpg,0,192,70,67,67,0.0,1
Yossi_Beilin\2\2.2501.jpg,0,192,70,67,67,0.0,1
Yossi_Beilin\2\2.2502.jpg,0,192,70,67,67,0.0,1
Yossi_Beilin\2\2.2503.jpg,0,192,70,66,66,0.0,1
Yossi_Beilin\2\2.2504.jpg,0,192,70,66,66,0.0,1
Yossi_Beilin\2\2.2505.jpg,0,191,70,67,67,0.0,1
Yossi_Beilin\2\2.2506.jpg,0,191,70,67,67,0.0,1
Yossi_Beilin\2\2.2507.jpg,0,193,70,67,67,0.0,1
Yossi_Beilin\2\2.2508.jpg,0,189,70,67,67,0.0,1
Yossi_Beilin\2\2.2509.jpg,0,191,70,67,67,0.0,1
Yossi_Beilin\2\2.2510.jpg,0,190,70,67,67,0.0,1
Yossi_Beilin\2\2.2511.jpg,0,190,70,66,66,0.0,1
Yossi_Beilin\2\2.2512.jpg,0,190,70,65,65,0.0,1
Yossi_Beilin\2\2.2513.jpg,0,189,70,64,64,0.0,1
Yossi_Beilin\2\2.2514.jpg,0,189,70,64,64,0.0,1
Yossi_Beilin\2\2.2515.jpg,0,189,70,64,64,0.0,1
Yossi_Beilin\2\2.2516.jpg,0,190,70,67,67,0.0,1
Yossi_Beilin\2\2.2517.jpg,0,190,70,67,67,0.0,1
Yossi_Beilin\2\2.2518.jpg,0,192,71,68,68,0.0,1
Yossi_Beilin\2\2.2519.jpg,0,191,70,67,67,0.0,1
Yossi_Beilin\2\2.2520.jpg,0,193,70,67,67,0.0,1
Yossi_Beilin\2\2.2521.jpg,0,194,71,68,68,0.0,1
Yossi_Beilin\2\2.2522.jpg,0,193,70,67,67,0.0,1
Yossi_Beilin\2\2.2523.jpg,0,192,70,67,67,0.0,1
Yossi_Beilin\2\2.2524.jpg,0,192,70,67,67,0.0,1
Yossi_Beilin\2\2.2525.jpg,0,189,70,62,62,0.0,1
Yossi_Beilin\3\3.5.jpg,0,130,100,101,101,0.0,1
Yossi_Beilin\3\3.6.jpg,0,131,103,121,121,0.0,1
Yossi_Beilin\3\3.7.jpg,0,129,96,91,91,0.0,1
Yossi_Beilin\3\3.8.jpg,0,129,96,91,91,0.0,1
Yossi_Beilin\3\3.9.jpg,0,131,103,121,121,0.0,1
Yossi_Beilin\3\3.10.jpg,0,128,98,83,83,0.0,1
Yossi_Beilin\3\3.11.jpg,0,133,101,109,109,0.0,1
Yossi_Beilin\3\3.12.jpg,0,132,97,98,98,0.0,1
Yossi_Beilin\3\3.13.jpg,0,130,104,116,116,0.0,1
Yossi_Beilin\3\3.14.jpg,0,133,101,117,117,0.0,1
Yossi_Beilin\3\3.15.jpg,0,134,101,107,107,0.0,1
Yossi_Beilin\3\3.16.jpg,0,133,100,107,107,0.0,1
Yossi_Beilin\3\3.17.jpg,0,133,101,111,111,0.0,1
Yossi_Beilin\3\3.18.jpg,0,131,101,112,112,0.0,1
Yossi_Beilin\3\3.19.jpg,0,129,100,105,105,0.0,1
Yossi_Beilin\3\3.20.jpg,0,131,100,106,106,0.0,1
Yossi_Beilin\3\3.21.jpg,0,131,101,106,106,0.0,1
Yossi_Beilin\3\3.22.jpg,0,134,100,113,113,0.0,1
Yossi_Beilin\3\3.23.jpg,0,134,102,108,108,0.0,1
Yossi_Beilin\3\3.24.jpg,0,133,103,109,109,0.0,1
Yossi_Beilin\3\3.25.jpg,0,134,103,109,109,0.0,1
Yossi_Beilin\3\3.26.jpg,0,133,100,110,110,0.0,1
Yossi_Beilin\3\3.27.jpg,0,137,103,118,118,0.0,1
Yossi_Beilin\3\3.28.jpg,0,137,105,118,118,0.0,1
Yossi_Beilin\3\3.29.jpg,0,137,105,110,110,0.0,1
Yossi_Beilin\3\3.30.jpg,0,135,104,110,110,0.0,1
Yossi_Beilin\3\3.31.jpg,0,132,106,113,113,0.0,1
Yossi_Beilin\3\3.32.jpg,0,133,104,115,115,0.0,1
Yossi_Beilin\3\3.33.jpg,0,132,105,115,115,0.0,1
Yossi_Beilin\3\3.34.jpg,0,133,105,116,116,0.0,1
Yossi_Beilin\3\3.35.jpg,0,133,106,119,119,0.0,1
Yossi_Beilin\3\3.36.jpg,0,132,106,117,117,0.0,1
Yossi_Beilin\3\3.37.jpg,0,134,104,114,114,0.0,1
Yossi_Beilin\3\3.38.jpg,0,137,104,120,120,0.0,1
Yossi_Beilin\3\3.39.jpg,0,138,103,120,120,0.0,1
Yossi_Beilin\3\3.40.jpg,0,138,103,117,117,0.0,1
Yossi_Beilin\3\3.41.jpg,0,137,102,115,115,0.0,1
Yossi_Beilin\3\3.42.jpg,0,137,103,118,118,0.0,1
Yossi_Beilin\3\3.43.jpg,0,137,103,121,121,0.0,1
Yossi_Beilin\3\3.44.jpg,0,137,103,121,121,0.0,1
Yossi_Beilin\3\3.45.jpg,0,136,102,119,119,0.0,1
Yossi_Beilin\3\3.46.jpg,0,136,103,120,120,0.0,1
Yossi_Beilin\3\3.47.jpg,0,135,103,114,114,0.0,1
Yossi_Beilin\3\3.48.jpg,0,139,101,116,116,0.0,1
Yossi_Beilin\3\3.49.jpg,0,138,102,112,112,0.0,1
Yossi_Beilin\3\3.50.jpg,0,136,101,111,111,0.0,1
Yossi_Beilin\3\3.51.jpg,0,138,102,112,112,0.0,1
Yossi_Beilin\3\3.52.jpg,0,140,104,112,112,0.0,1
Yossi_Beilin\3\3.53.jpg,0,145,105,110,110,0.0,1
Yossi_Beilin\3\3.54.jpg,0,143,105,109,109,0.0,1
Yossi_Beilin\3\3.55.jpg,0,144,106,107,107,0.0,1
Yossi_Beilin\3\3.56.jpg,0,146,107,112,112,0.0,1
Yossi_Beilin\3\3.57.jpg,0,146,107,113,113,0.0,1
Yossi_Beilin\3\3.58.jpg,0,146,107,110,110,0.0,1
Yossi_Beilin\3\3.59.jpg,0,146,107,111,111,0.0,1
Yossi_Beilin\3\3.60.jpg,0,145,106,109,109,0.0,1
Yossi_Beilin\3\3.61.jpg,0,146,107,110,110,0.0,1
Yossi_Beilin\3\3.62.jpg,0,146,107,110,110,0.0,1
Yossi_Beilin\3\3.63.jpg,0,145,107,108,108,0.0,1
Yossi_Beilin\3\3.64.jpg,0,145,107,108,108,0.0,1
Yossi_Beilin\3\3.65.jpg,0,145,107,110,110,0.0,1
Yossi_Beilin\3\3.66.jpg,0,144,106,107,107,0.0,1
Yossi_Beilin\3\3.67.jpg,0,146,107,112,112,0.0,1
Yossi_Beilin\3\3.68.jpg,0,145,105,111,111,0.0,1
Yossi_Beilin\3\3.69.jpg,0,144,106,112,112,0.0,1
Yossi_Beilin\3\3.70.jpg,0,142,106,110,110,0.0,1
Yossi_Beilin\3\3.71.jpg,0,142,107,112,112,0.0,1
Yossi_Beilin\3\3.72.jpg,0,141,106,112,112,0.0,1
Yossi_Beilin\3\3.73.jpg,0,140,103,109,109,0.0,1
Yossi_Beilin\3\3.74.jpg,0,142,103,108,108,0.0,1
Yossi_Beilin\3\3.75.jpg,0,140,101,103,103,0.0,1
Yossi_Beilin\3\3.76.jpg,0,141,105,118,118,0.0,1
Yossi_Beilin\3\3.77.jpg,0,140,105,119,119,0.0,1
Yossi_Beilin\3\3.78.jpg,0,143,104,116,116,0.0,1
Yossi_Beilin\3\3.79.jpg,0,142,104,120,120,0.0,1
Yossi_Beilin\3\3.80.jpg,0,139,104,117,117,0.0,1
Yossi_Beilin\3\3.81.jpg,0,139,103,119,119,0.0,1
Yossi_Beilin\3\3.82.jpg,0,139,103,111,111,0.0,1
Yossi_Beilin\3\3.83.jpg,0,139,103,106,106,0.0,1
Yossi_Beilin\3\3.84.jpg,0,140,104,118,118,0.0,1
Yossi_Beilin\3\3.85.jpg,0,145,103,120,120,0.0,1
Yossi_Beilin\3\3.86.jpg,0,143,102,106,106,0.0,1
Yossi_Beilin\3\3.87.jpg,0,145,103,108,108,0.0,1
Yossi_Beilin\3\3.88.jpg,0,148,103,108,108,0.0,1
Yossi_Beilin\3\3.89.jpg,0,148,104,110,110,0.0,1
Yossi_Beilin\3\3.90.jpg,0,148,104,106,106,0.0,1
Yossi_Beilin\3\3.91.jpg,0,148,104,112,112,0.0,1
Yossi_Beilin\3\3.92.jpg,0,149,105,112,112,0.0,1
Yossi_Beilin\3\3.93.jpg,0,149,103,109,109,0.0,1
Yossi_Beilin\3\3.94.jpg,0,148,105,110,110,0.0,1
Yossi_Beilin\3\3.95.jpg,0,148,105,109,109,0.0,1
Yossi_Beilin\3\3.96.jpg,0,148,105,111,111,0.0,1
Yossi_Beilin\3\3.97.jpg,0,149,105,110,110,0.0,1
Yossi_Beilin\3\3.98.jpg,0,149,105,108,108,0.0,1
Yossi_Beilin\3\3.99.jpg,0,148,106,108,108,0.0,1
Yossi_Beilin\3\3.100.jpg,0,148,107,107,107,0.0,1
Yossi_Beilin\3\3.101.jpg,0,149,108,109,109,0.0,1
Yossi_Beilin\3\3.102.jpg,0,149,106,109,109,0.0,1
Yossi_Beilin\3\3.103.jpg,0,149,107,109,109,0.0,1
Yossi_Beilin\3\3.104.jpg,0,150,107,108,108,0.0,1
Yossi_Beilin\3\3.105.jpg,0,150,108,110,110,0.0,1
Yossi_Beilin\3\3.106.jpg,0,152,109,110,110,0.0,1
Yossi_Beilin\3\3.107.jpg,0,153,109,110,110,0.0,1
Yossi_Beilin\3\3.108.jpg,0,152,108,109,109,0.0,1
Yossi_Beilin\3\3.109.jpg,0,152,108,109,109,0.0,1
Yossi_Beilin\3\3.110.jpg,0,152,108,107,107,0.0,1
Yossi_Beilin\3\3.111.jpg,0,152,108,106,106,0.0,1
Yossi_Beilin\3\3.112.jpg,0,153,108,109,109,0.0,1
Yossi_Beilin\3\3.113.jpg,0,153,108,108,108,0.0,1
Yossi_Beilin\3\3.114.jpg,0,153,108,109,109,0.0,1
Yossi_Beilin\3\3.115.jpg,0,152,107,107,107,0.0,1
Yossi_Beilin\3\3.116.jpg,0,152,107,109,109,0.0,1
Yossi_Beilin\3\3.117.jpg,0,151,107,110,110,0.0,1
Yossi_Beilin\3\3.118.jpg,0,152,108,116,116,0.0,1
Yossi_Beilin\3\3.119.jpg,0,150,106,112,112,0.0,1
Yossi_Beilin\3\3.120.jpg,0,150,105,114,114,0.0,1
Yossi_Beilin\3\3.121.jpg,0,148,104,110,110,0.0,1
Yossi_Beilin\3\3.122.jpg,0,148,102,108,108,0.0,1
Yossi_Beilin\3\3.123.jpg,0,148,100,109,109,0.0,1
Yossi_Beilin\3\3.124.jpg,0,148,101,113,113,0.0,1
Yossi_Beilin\3\3.125.jpg,0,148,101,114,114,0.0,1
Yossi_Beilin\3\3.126.jpg,0,147,100,111,111,0.0,1
Yossi_Beilin\3\3.127.jpg,0,147,100,108,108,0.0,1
Yossi_Beilin\3\3.128.jpg,0,146,99,108,108,0.0,1
Yossi_Beilin\3\3.129.jpg,0,146,99,108,108,0.0,1
Yossi_Beilin\3\3.130.jpg,0,147,100,114,114,0.0,1
Yossi_Beilin\3\3.131.jpg,0,145,98,107,107,0.0,1
Yossi_Beilin\3\3.132.jpg,0,145,96,107,107,0.0,1
Yossi_Beilin\3\3.133.jpg,0,149,97,113,113,0.0,1
Yossi_Beilin\3\3.134.jpg,0,151,95,117,117,0.0,1
Yossi_Beilin\3\3.135.jpg,0,152,94,108,108,0.0,1
Yossi_Beilin\3\3.136.jpg,0,155,96,110,110,0.0,1
Yossi_Beilin\3\3.137.jpg,0,157,95,110,110,0.0,1
Yossi_Beilin\3\3.138.jpg,0,159,96,109,109,0.0,1
Yossi_Beilin\3\3.139.jpg,0,160,97,109,109,0.0,1
Yossi_Beilin\3\3.140.jpg,0,159,99,111,111,0.0,1
Yossi_Beilin\3\3.141.jpg,0,161,100,111,111,0.0,1
Yossi_Beilin\3\3.142.jpg,0,162,102,110,110,0.0,1
Yossi_Beilin\3\3.143.jpg,0,162,102,108,108,0.0,1
Yossi_Beilin\3\3.144.jpg,0,162,105,111,111,0.0,1
Yossi_Beilin\3\3.145.jpg,0,163,106,112,112,0.0,1
Yossi_Beilin\3\3.146.jpg,0,160,107,108,108,0.0,1
Yossi_Beilin\3\3.147.jpg,0,160,107,111,111,0.0,1
Yossi_Beilin\3\3.148.jpg,0,163,107,114,114,0.0,1
Yossi_Beilin\3\3.149.jpg,0,161,106,113,113,0.0,1
Yossi_Beilin\3\3.150.jpg,0,158,106,113,113,0.0,1
Yossi_Beilin\3\3.151.jpg,0,159,107,114,114,0.0,1
Yossi_Beilin\3\3.152.jpg,0,159,106,110,110,0.0,1
Yossi_Beilin\3\3.153.jpg,0,157,108,113,113,0.0,1
Yossi_Beilin\3\3.154.jpg,0,156,107,109,109,0.0,1
Yossi_Beilin\3\3.155.jpg,0,157,108,112,112,0.0,1
Yossi_Beilin\3\3.156.jpg,0,156,108,113,113,0.0,1
Yossi_Beilin\3\3.157.jpg,0,156,109,110,110,0.0,1
Yossi_Beilin\3\3.158.jpg,0,156,109,108,108,0.0,1
Yossi_Beilin\3\3.159.jpg,0,155,108,111,111,0.0,1
Yossi_Beilin\3\3.160.jpg,0,156,109,111,111,0.0,1
Yossi_Beilin\3\3.161.jpg,0,154,108,111,111,0.0,1
Yossi_Beilin\3\3.162.jpg,0,156,109,111,111,0.0,1
Yossi_Beilin\3\3.163.jpg,0,153,109,112,112,0.0,1
Yossi_Beilin\3\3.164.jpg,0,151,108,106,106,0.0,1
Yossi_Beilin\3\3.165.jpg,0,149,106,107,107,0.0,1
Yossi_Beilin\3\3.166.jpg,0,148,106,108,108,0.0,1
Yossi_Beilin\3\3.167.jpg,0,147,106,110,110,0.0,1
Yossi_Beilin\3\3.168.jpg,0,147,105,111,111,0.0,1
Yossi_Beilin\3\3.169.jpg,0,145,105,111,111,0.0,1
Yossi_Beilin\3\3.170.jpg,0,145,104,106,106,0.0,1
Yossi_Beilin\3\3.171.jpg,0,145,105,121,121,0.0,1
Yossi_Beilin\3\3.172.jpg,0,143,103,103,103,0.0,1
Yossi_Beilin\3\3.173.jpg,0,142,102,106,106,0.0,1
Yossi_Beilin\3\3.174.jpg,0,141,101,105,105,0.0,1
Yossi_Beilin\3\3.175.jpg,0,140,102,107,107,0.0,1
Yossi_Beilin\3\3.176.jpg,0,140,101,107,107,0.0,1
Yossi_Beilin\3\3.177.jpg,0,142,101,104,104,0.0,1
Yossi_Beilin\3\3.178.jpg,0,142,101,110,110,0.0,1
Yossi_Beilin\3\3.179.jpg,0,142,101,106,106,0.0,1
Yossi_Beilin\3\3.180.jpg,0,140,102,108,108,0.0,1
Yossi_Beilin\3\3.181.jpg,0,144,102,108,108,0.0,1
Yossi_Beilin\3\3.182.jpg,0,144,102,108,108,0.0,1
Yossi_Beilin\3\3.183.jpg,0,147,103,106,106,0.0,1
Yossi_Beilin\3\3.184.jpg,0,146,105,109,109,0.0,1
Yossi_Beilin\3\3.185.jpg,0,146,107,108,108,0.0,1
Yossi_Beilin\3\3.186.jpg,0,146,107,107,107,0.0,1
Yossi_Beilin\3\3.187.jpg,0,147,109,105,105,0.0,1
Yossi_Beilin\3\3.188.jpg,0,147,109,109,109,0.0,1
Yossi_Beilin\3\3.189.jpg,0,148,112,108,108,0.0,1
Yossi_Beilin\3\3.190.jpg,0,149,112,109,109,0.0,1
Yossi_Beilin\3\3.191.jpg,0,149,114,106,106,0.0,1
Yossi_Beilin\3\3.192.jpg,0,148,113,109,109,0.0,1
Yossi_Beilin\3\3.193.jpg,0,148,114,110,110,0.0,1
Yossi_Beilin\3\3.194.jpg,0,149,113,111,111,0.0,1
Yossi_Beilin\3\3.195.jpg,0,149,113,112,112,0.0,1
Yossi_Beilin\3\3.196.jpg,0,149,113,106,106,0.0,1
Yossi_Beilin\3\3.197.jpg,0,149,112,105,105,0.0,1
Yossi_Beilin\3\3.198.jpg,0,150,112,106,106,0.0,1
Yossi_Beilin\3\3.199.jpg,0,149,111,106,106,0.0,1
Yossi_Beilin\3\3.200.jpg,0,151,110,108,108,0.0,1
Yossi_Beilin\3\3.201.jpg,0,149,109,109,109,0.0,1
Yossi_Beilin\3\3.202.jpg,0,148,108,107,107,0.0,1
Yossi_Beilin\3\3.203.jpg,0,148,106,107,107,0.0,1
Yossi_Beilin\3\3.204.jpg,0,150,104,115,115,0.0,1
Yossi_Beilin\3\3.205.jpg,0,149,105,115,115,0.0,1
Yossi_Beilin\3\3.206.jpg,1,149,103,115,115,0.0,1
Yossi_Beilin\3\3.207.jpg,0,151,101,110,110,0.0,1
Yossi_Beilin\3\3.208.jpg,0,150,101,107,107,0.0,1
Yossi_Beilin\3\3.209.jpg,0,149,100,108,108,0.0,1
Yossi_Beilin\3\3.210.jpg,0,151,100,114,114,0.0,1
Yossi_Beilin\3\3.211.jpg,0,150,99,113,113,0.0,1
Yossi_Beilin\3\3.212.jpg,0,149,98,114,114,0.0,1
Yossi_Beilin\3\3.213.jpg,0,148,98,115,115,0.0,1
Yossi_Beilin\3\3.214.jpg,0,147,98,108,108,0.0,1
Yossi_Beilin\3\3.215.jpg,0,146,99,111,111,0.0,1
Yossi_Beilin\3\3.216.jpg,0,147,99,112,112,0.0,1
Yossi_Beilin\3\3.217.jpg,0,148,99,112,112,0.0,1
Yossi_Beilin\3\3.218.jpg,0,147,98,114,114,0.0,1
Yossi_Beilin\3\3.219.jpg,0,150,97,111,111,0.0,1
Yossi_Beilin\3\3.220.jpg,0,151,97,113,113,0.0,1
Yossi_Beilin\3\3.221.jpg,0,151,97,115,115,0.0,1
Yossi_Beilin\3\3.222.jpg,0,151,97,111,111,0.0,1
Yossi_Beilin\3\3.223.jpg,0,150,98,109,109,0.0,1
Yossi_Beilin\3\3.224.jpg,0,150,99,109,109,0.0,1
Yossi_Beilin\3\3.225.jpg,0,153,101,114,114,0.0,1
Yossi_Beilin\3\3.226.jpg,0,151,101,109,109,0.0,1
Yossi_Beilin\3\3.227.jpg,0,152,101,110,110,0.0,1
Yossi_Beilin\3\3.228.jpg,0,150,101,111,111,0.0,1
Yossi_Beilin\3\3.229.jpg,0,151,103,109,109,0.0,1
Yossi_Beilin\3\3.230.jpg,0,152,104,111,111,0.0,1
Yossi_Beilin\3\3.231.jpg,0,153,106,108,108,0.0,1
Yossi_Beilin\3\3.232.jpg,0,153,108,108,108,0.0,1
Yossi_Beilin\3\3.233.jpg,0,154,109,110,110,0.0,1
Yossi_Beilin\3\3.234.jpg,0,153,109,110,110,0.0,1
Yossi_Beilin\3\3.235.jpg,0,153,108,106,106,0.0,1
Yossi_Beilin\3\3.236.jpg,0,153,108,106,106,0.0,1
Yossi_Beilin\3\3.237.jpg,0,153,108,107,107,0.0,1
Yossi_Beilin\3\3.238.jpg,0,153,108,108,108,0.0,1
Yossi_Beilin\3\3.239.jpg,0,152,108,109,109,0.0,1
Yossi_Beilin\3\3.240.jpg,0,150,108,109,109,0.0,1
Yossi_Beilin\3\3.241.jpg,0,150,108,106,106,0.0,1
Yossi_Beilin\3\3.242.jpg,0,150,109,109,109,0.0,1
Yossi_Beilin\3\3.243.jpg,0,149,109,111,111,0.0,1
Yossi_Beilin\3\3.244.jpg,0,149,109,111,111,0.0,1
Yossi_Beilin\3\3.245.jpg,0,149,108,110,110,0.0,1
Yossi_Beilin\3\3.246.jpg,0,148,109,106,106,0.0,1
Yossi_Beilin\3\3.247.jpg,0,148,109,109,109,0.0,1
Yossi_Beilin\3\3.248.jpg,0,148,109,107,107,0.0,1
Yossi_Beilin\3\3.249.jpg,0,146,110,108,108,0.0,1
Yossi_Beilin\3\3.250.jpg,0,148,111,112,112,0.0,1
Yossi_Beilin\3\3.251.jpg,0,146,109,109,109,0.0,1
Yossi_Beilin\3\3.252.jpg,0,146,109,113,113,0.0,1
Yossi_Beilin\3\3.253.jpg,0,146,110,114,114,0.0,1
Yossi_Beilin\3\3.254.jpg,0,146,110,114,114,0.0,1
Yossi_Beilin\3\3.255.jpg,0,145,109,112,112,0.0,1
Yossi_Beilin\3\3.256.jpg,0,144,108,111,111,0.0,1
Yossi_Beilin\3\3.257.jpg,0,142,108,114,114,0.0,1
Yossi_Beilin\3\3.258.jpg,0,140,108,113,113,0.0,1
Yossi_Beilin\3\3.259.jpg,0,140,107,108,108,0.0,1
Yossi_Beilin\3\3.260.jpg,0,141,106,113,113,0.0,1
Yossi_Beilin\3\3.261.jpg,0,140,104,104,104,0.0,1
Yossi_Beilin\3\3.262.jpg,0,139,104,113,113,0.0,1
Yossi_Beilin\3\3.263.jpg,0,136,105,114,114,0.0,1
Yossi_Beilin\3\3.264.jpg,0,138,105,114,114,0.0,1
Yossi_Beilin\3\3.265.jpg,0,136,105,117,117,0.0,1
Yossi_Beilin\3\3.266.jpg,0,136,102,109,109,0.0,1
Yossi_Beilin\3\3.267.jpg,0,136,103,119,119,0.0,1
Yossi_Beilin\3\3.268.jpg,0,132,101,109,109,0.0,1
Yossi_Beilin\3\3.269.jpg,0,131,106,124,124,0.0,1
Yossi_Beilin\3\3.270.jpg,0,131,104,111,111,0.0,1
Yossi_Beilin\3\3.271.jpg,0,131,107,113,113,0.0,1
Yossi_Beilin\3\3.272.jpg,0,131,108,114,114,0.0,1
Yossi_Beilin\3\3.273.jpg,0,130,108,110,110,0.0,1
Yossi_Beilin\3\3.274.jpg,0,132,108,110,110,0.0,1
Yossi_Beilin\3\3.275.jpg,0,131,107,112,112,0.0,1
Yossi_Beilin\3\3.276.jpg,0,131,107,110,110,0.0,1
Yossi_Beilin\3\3.277.jpg,0,131,107,112,112,0.0,1
Yossi_Beilin\3\3.278.jpg,0,130,107,110,110,0.0,1
Yossi_Beilin\3\3.279.jpg,0,130,107,106,106,0.0,1
Yossi_Beilin\3\3.280.jpg,0,132,107,108,108,0.0,1
Yossi_Beilin\3\3.281.jpg,0,130,107,109,109,0.0,1
Yossi_Beilin\3\3.282.jpg,0,131,107,111,111,0.0,1
Yossi_Beilin\3\3.283.jpg,0,133,107,112,112,0.0,1
Yossi_Beilin\3\3.284.jpg,0,135,106,107,107,0.0,1
Yossi_Beilin\3\3.285.jpg,0,136,104,107,107,0.0,1
Yossi_Beilin\3\3.286.jpg,0,139,105,109,109,0.0,1
Yossi_Beilin\3\3.287.jpg,0,140,103,109,109,0.0,1
Yossi_Beilin\3\3.288.jpg,0,140,105,112,112,0.0,1
Yossi_Beilin\3\3.289.jpg,0,140,106,116,116,0.0,1
Yossi_Beilin\3\3.290.jpg,0,143,106,114,114,0.0,1
Yossi_Beilin\3\3.291.jpg,0,143,106,112,112,0.0,1
Yossi_Beilin\3\3.292.jpg,0,143,107,110,110,0.0,1
Yossi_Beilin\3\3.293.jpg,0,144,109,116,116,0.0,1
Yossi_Beilin\3\3.294.jpg,0,143,110,114,114,0.0,1
Yossi_Beilin\3\3.295.jpg,0,140,111,113,113,0.0,1
Yossi_Beilin\3\3.296.jpg,0,139,112,111,111,0.0,1
Yossi_Beilin\3\3.297.jpg,0,139,111,107,107,0.0,1
Yossi_Beilin\3\3.298.jpg,0,140,114,106,106,0.0,1
Yossi_Beilin\3\3.299.jpg,0,140,116,116,116,0.0,1
Yossi_Beilin\3\3.300.jpg,0,140,115,116,116,0.0,1
Yossi_Beilin\3\3.301.jpg,0,139,114,113,113,0.0,1
Yossi_Beilin\3\3.302.jpg,0,139,114,115,115,0.0,1
Yossi_Beilin\3\3.303.jpg,0,138,113,111,111,0.0,1
Yossi_Beilin\3\3.304.jpg,0,139,113,112,112,0.0,1
Yossi_Beilin\3\3.305.jpg,0,138,112,109,109,0.0,1
Yossi_Beilin\3\3.306.jpg,0,138,113,110,110,0.0,1
Yossi_Beilin\3\3.307.jpg,0,137,113,110,110,0.0,1
Yossi_Beilin\3\3.308.jpg,0,138,113,112,112,0.0,1
Yossi_Beilin\3\3.309.jpg,0,138,112,111,111,0.0,1
Yossi_Beilin\3\3.310.jpg,0,138,113,113,113,0.0,1
Yossi_Beilin\3\3.311.jpg,1,139,112,110,110,0.0,1
Yossi_Beilin\3\3.312.jpg,0,139,111,112,112,0.0,1
Yossi_Beilin\3\3.313.jpg,0,139,110,111,111,0.0,1
Yossi_Beilin\3\3.314.jpg,0,140,107,114,114,0.0,1
Yossi_Beilin\3\3.315.jpg,0,140,106,113,113,0.0,1
Yossi_Beilin\3\3.316.jpg,0,143,105,111,111,0.0,1
Yossi_Beilin\3\3.317.jpg,0,146,103,111,111,0.0,1
Yossi_Beilin\3\3.318.jpg,0,146,102,112,112,0.0,1
Yossi_Beilin\3\3.319.jpg,0,146,102,110,110,0.0,1
Yossi_Beilin\3\3.320.jpg,0,147,100,109,109,0.0,1
Yossi_Beilin\3\3.321.jpg,0,147,100,109,109,0.0,1
Yossi_Beilin\3\3.322.jpg,0,146,101,112,112,0.0,1
Yossi_Beilin\3\3.323.jpg,0,146,101,110,110,0.0,1
Yossi_Beilin\3\3.324.jpg,0,145,102,111,111,0.0,1
Yossi_Beilin\3\3.325.jpg,0,145,103,110,110,0.0,1
Yossi_Beilin\3\3.326.jpg,0,144,103,113,113,0.0,1
Yossi_Beilin\3\3.327.jpg,0,144,103,109,109,0.0,1
Yossi_Beilin\3\3.328.jpg,0,145,103,110,110,0.0,1
Yossi_Beilin\3\3.329.jpg,0,143,103,115,115,0.0,1
Yossi_Beilin\3\3.330.jpg,0,138,103,112,112,0.0,1
Yossi_Beilin\3\3.331.jpg,0,135,103,113,113,0.0,1
Yossi_Beilin\3\3.332.jpg,0,136,103,108,108,0.0,1
Yossi_Beilin\3\3.333.jpg,0,134,102,107,107,0.0,1
Yossi_Beilin\3\3.334.jpg,0,135,101,107,107,0.0,1
Yossi_Beilin\3\3.335.jpg,0,134,101,103,103,0.0,1
Yossi_Beilin\3\3.336.jpg,0,138,102,117,117,0.0,1
Yossi_Beilin\3\3.337.jpg,0,137,102,112,112,0.0,1
Yossi_Beilin\3\3.338.jpg,0,137,102,114,114,0.0,1
Yossi_Beilin\3\3.339.jpg,0,138,103,114,114,0.0,1
Yossi_Beilin\3\3.340.jpg,0,137,103,112,112,0.0,1
Yossi_Beilin\3\3.341.jpg,0,136,104,115,115,0.0,1
Yossi_Beilin\3\3.342.jpg,0,137,104,115,115,0.0,1
Yossi_Beilin\3\3.343.jpg,0,141,105,110,110,0.0,1
Yossi_Beilin\3\3.344.jpg,0,140,106,108,108,0.0,1
Yossi_Beilin\3\3.345.jpg,0,136,105,109,109,0.0,1
Yossi_Beilin\3\3.346.jpg,0,139,106,112,112,0.0,1
Yossi_Beilin\3\3.347.jpg,0,143,108,112,112,0.0,1
Yossi_Beilin\3\3.348.jpg,0,144,108,112,112,0.0,1
Yossi_Beilin\3\3.349.jpg,0,141,108,110,110,0.0,1
Yossi_Beilin\3\3.350.jpg,0,141,108,110,110,0.0,1
Yossi_Beilin\3\3.351.jpg,0,140,107,113,113,0.0,1
Yossi_Beilin\3\3.352.jpg,0,141,107,112,112,0.0,1
Yossi_Beilin\3\3.353.jpg,0,142,107,115,115,0.0,1
Yossi_Beilin\3\3.354.jpg,0,141,106,112,112,0.0,1
Yossi_Beilin\3\3.355.jpg,0,138,104,111,111,0.0,1
Yossi_Beilin\3\3.356.jpg,0,139,105,121,121,0.0,1
Yossi_Beilin\3\3.357.jpg,0,140,104,111,111,0.0,1
Yossi_Beilin\3\3.358.jpg,0,139,104,105,105,0.0,1
Yossi_Beilin\3\3.359.jpg,0,142,105,110,110,0.0,1
Yossi_Beilin\3\3.360.jpg,0,140,106,108,108,0.0,1
Yossi_Beilin\3\3.361.jpg,0,139,104,101,101,0.0,1
Yossi_Beilin\3\3.362.jpg,0,139,104,105,105,0.0,1
Yossi_Beilin\3\3.363.jpg,0,140,106,115,115,0.0,1
Yossi_Beilin\3\3.364.jpg,0,140,107,118,118,0.0,1
Yossi_Beilin\3\3.365.jpg,0,138,108,113,113,0.0,1
Yossi_Beilin\3\3.366.jpg,0,136,106,109,109,0.0,1
Yossi_Beilin\3\3.367.jpg,0,136,106,108,108,0.0,1
Yossi_Beilin\3\3.368.jpg,0,135,106,109,109,0.0,1
Yossi_Beilin\3\3.369.jpg,0,136,107,112,112,0.0,1
Yossi_Beilin\3\3.370.jpg,0,136,107,112,112,0.0,1
Yossi_Beilin\3\3.371.jpg,0,135,109,113,113,0.0,1
Yossi_Beilin\3\3.372.jpg,0,135,108,114,114,0.0,1
Yossi_Beilin\3\3.373.jpg,0,133,108,111,111,0.0,1
Yossi_Beilin\3\3.374.jpg,0,133,108,111,111,0.0,1
Yossi_Beilin\3\3.375.jpg,0,133,110,106,106,0.0,1
Yossi_Beilin\3\3.376.jpg,0,133,108,107,107,0.0,1
Yossi_Beilin\3\3.377.jpg,0,131,109,107,107,0.0,1
Yossi_Beilin\3\3.378.jpg,0,132,109,108,108,0.0,1
Yossi_Beilin\3\3.379.jpg,0,132,107,107,107,0.0,1
Yossi_Beilin\3\3.380.jpg,0,133,108,112,112,0.0,1
Yossi_Beilin\3\3.381.jpg,0,131,109,108,108,0.0,1
Yossi_Beilin\3\3.382.jpg,0,131,108,108,108,0.0,1
Yossi_Beilin\3\3.383.jpg,0,130,109,108,108,0.0,1
Yossi_Beilin\3\3.384.jpg,0,130,109,108,108,0.0,1
Yossi_Beilin\3\3.385.jpg,0,130,108,110,110,0.0,1
Yossi_Beilin\3\3.386.jpg,0,129,109,106,106,0.0,1
Yossi_Beilin\3\3.387.jpg,0,130,109,108,108,0.0,1
Yossi_Beilin\3\3.388.jpg,0,133,108,117,117,0.0,1
Yossi_Beilin\3\3.389.jpg,0,131,107,114,114,0.0,1
Yossi_Beilin\3\3.390.jpg,0,133,106,110,110,0.0,1
Yossi_Beilin\3\3.391.jpg,0,132,107,112,112,0.0,1
Yossi_Beilin\3\3.392.jpg,0,133,108,111,111,0.0,1
Yossi_Beilin\3\3.393.jpg,0,130,104,102,102,0.0,1
Yossi_Beilin\3\3.394.jpg,0,129,106,102,102,0.0,1
Yossi_Beilin\3\3.395.jpg,0,128,107,108,108,0.0,1
Yossi_Beilin\3\3.396.jpg,0,128,106,114,114,0.0,1
Yossi_Beilin\3\3.397.jpg,0,127,104,118,118,0.0,1
Yossi_Beilin\3\3.398.jpg,0,128,107,114,114,0.0,1
Yossi_Beilin\3\3.399.jpg,0,127,109,126,126,0.0,1
Yossi_Beilin\3\3.400.jpg,0,125,106,115,115,0.0,1
Yossi_Beilin\3\3.401.jpg,0,126,107,116,116,0.0,1
Yossi_Beilin\3\3.402.jpg,0,123,104,103,103,0.0,1
Yossi_Beilin\3\3.403.jpg,0,124,105,112,112,0.0,1
Yossi_Beilin\3\3.404.jpg,0,123,107,119,119,0.0,1
Yossi_Beilin\3\3.405.jpg,0,120,106,121,121,0.0,1
Yossi_Beilin\3\3.406.jpg,0,121,109,126,126,0.0,1
Yossi_Beilin\3\3.407.jpg,0,122,107,119,119,0.0,1
Yossi_Beilin\3\3.408.jpg,0,122,106,113,113,0.0,1
Yossi_Beilin\3\3.409.jpg,0,123,105,108,108,0.0,1
Yossi_Beilin\3\3.410.jpg,1,122,106,106,106,0.0,1
Yossi_Beilin\3\3.411.jpg,1,121,106,109,109,0.0,1
Yossi_Beilin\3\3.412.jpg,1,119,104,107,107,0.0,1
Yossi_Beilin\3\3.413.jpg,1,120,106,100,100,0.0,1
