Yu_Shyi-kun\1\1.1083.jpg,0,262,170,138,138,0.0,1
Yu_Shyi-kun\1\1.1084.jpg,0,263,172,142,142,0.0,1
Yu_Shyi-kun\1\1.1085.jpg,0,261,172,139,139,0.0,1
Yu_Shyi-kun\1\1.1086.jpg,0,260,171,139,139,0.0,1
Yu_Shyi-kun\1\1.1087.jpg,0,260,172,140,140,0.0,1
Yu_Shyi-kun\1\1.1088.jpg,0,259,170,147,147,0.0,1
Yu_Shyi-kun\1\1.1089.jpg,0,255,171,140,140,0.0,1
Yu_Shyi-kun\1\1.1090.jpg,1,253,169,137,137,0.0,1
Yu_Shyi-kun\1\1.1091.jpg,0,251,169,136,136,0.0,1
Yu_Shyi-kun\1\1.1092.jpg,0,259,169,141,141,0.0,1
Yu_Shyi-kun\1\1.1093.jpg,0,256,169,138,138,0.0,1
Yu_Shyi-kun\1\1.1094.jpg,0,252,168,140,140,0.0,1
Yu_Shyi-kun\1\1.1095.jpg,1,252,169,142,142,0.0,1
Yu_Shyi-kun\1\1.1096.jpg,0,252,169,137,137,0.0,1
Yu_Shyi-kun\1\1.1097.jpg,1,254,169,136,136,0.0,1
Yu_Shyi-kun\1\1.1098.jpg,1,254,169,140,140,0.0,1
Yu_Shyi-kun\1\1.1099.jpg,0,252,168,139,139,0.0,1
Yu_Shyi-kun\1\1.1100.jpg,1,253,168,140,140,0.0,1
Yu_Shyi-kun\1\1.1101.jpg,0,249,168,137,137,0.0,1
Yu_Shyi-kun\1\1.1102.jpg,1,251,167,137,137,0.0,1
Yu_Shyi-kun\1\1.1103.jpg,0,254,168,141,141,0.0,1
Yu_Shyi-kun\1\1.1104.jpg,0,252,168,143,143,0.0,1
Yu_Shyi-kun\1\1.1105.jpg,0,254,168,141,141,0.0,1
Yu_Shyi-kun\1\1.1106.jpg,0,252,168,143,143,0.0,1
Yu_Shyi-kun\1\1.1107.jpg,0,251,169,153,153,0.0,1
Yu_Shyi-kun\1\1.1108.jpg,1,250,169,142,142,0.0,1
Yu_Shyi-kun\1\1.1109.jpg,0,249,169,139,139,0.0,1
Yu_Shyi-kun\1\1.1110.jpg,0,248,170,141,141,0.0,1
Yu_Shyi-kun\1\1.1111.jpg,0,247,174,136,136,0.0,1
Yu_Shyi-kun\1\1.1112.jpg,1,248,177,137,137,0.0,1
Yu_Shyi-kun\1\1.1113.jpg,0,248,183,131,131,0.0,1
Yu_Shyi-kun\1\1.1114.jpg,0,246,182,133,133,0.0,1
Yu_Shyi-kun\1\1.1115.jpg,0,249,185,130,130,0.0,1
Yu_Shyi-kun\1\1.1116.jpg,0,252,183,139,139,0.0,1
Yu_Shyi-kun\1\1.1117.jpg,0,254,181,142,142,0.0,1
Yu_Shyi-kun\1\1.1118.jpg,1,252,176,137,137,0.0,1
Yu_Shyi-kun\1\1.1119.jpg,0,249,174,135,135,0.0,1
Yu_Shyi-kun\1\1.1120.jpg,1,250,173,133,133,0.0,1
Yu_Shyi-kun\1\1.1121.jpg,0,250,170,139,139,0.0,1
Yu_Shyi-kun\1\1.1122.jpg,0,252,170,138,138,0.0,1
Yu_Shyi-kun\1\1.1123.jpg,0,253,169,137,137,0.0,1
Yu_Shyi-kun\1\1.1124.jpg,1,250,171,138,138,0.0,1
Yu_Shyi-kun\1\1.1125.jpg,1,250,170,136,136,0.0,1
Yu_Shyi-kun\1\1.1126.jpg,0,251,171,136,136,0.0,1
Yu_Shyi-kun\1\1.1127.jpg,1,251,170,137,137,0.0,1
Yu_Shyi-kun\1\1.1128.jpg,1,252,171,137,137,0.0,1
Yu_Shyi-kun\1\1.1129.jpg,1,253,171,136,136,0.0,1
Yu_Shyi-kun\1\1.1130.jpg,0,252,172,138,138,0.0,1
Yu_Shyi-kun\1\1.1131.jpg,0,251,171,137,137,0.0,1
Yu_Shyi-kun\1\1.1132.jpg,0,253,171,138,138,0.0,1
Yu_Shyi-kun\1\1.1133.jpg,1,254,171,134,134,0.0,1
Yu_Shyi-kun\1\1.1134.jpg,1,253,171,138,138,0.0,1
Yu_Shyi-kun\1\1.1135.jpg,0,253,171,134,134,0.0,1
Yu_Shyi-kun\1\1.1136.jpg,0,254,172,136,136,0.0,1
Yu_Shyi-kun\1\1.1137.jpg,0,255,172,139,139,0.0,1
Yu_Shyi-kun\1\1.1138.jpg,1,253,172,135,135,0.0,1
Yu_Shyi-kun\1\1.1139.jpg,0,252,171,142,142,0.0,1
Yu_Shyi-kun\1\1.1140.jpg,1,253,171,138,138,0.0,1
Yu_Shyi-kun\1\1.1141.jpg,0,252,171,134,134,0.0,1
Yu_Shyi-kun\1\1.1142.jpg,0,252,171,136,136,0.0,1
Yu_Shyi-kun\1\1.1143.jpg,0,252,170,141,141,0.0,1
Yu_Shyi-kun\1\1.1144.jpg,1,254,171,137,137,0.0,1
Yu_Shyi-kun\1\1.1145.jpg,0,255,170,145,145,0.0,1
Yu_Shyi-kun\1\1.1146.jpg,0,254,171,144,144,0.0,1
Yu_Shyi-kun\1\1.1147.jpg,0,256,170,142,142,0.0,1
Yu_Shyi-kun\1\1.1148.jpg,0,254,170,139,139,0.0,1
Yu_Shyi-kun\1\1.1149.jpg,1,255,171,137,137,0.0,1
Yu_Shyi-kun\1\1.1150.jpg,0,257,171,140,140,0.0,1
Yu_Shyi-kun\1\1.1151.jpg,0,258,172,139,139,0.0,1
Yu_Shyi-kun\1\1.1152.jpg,1,255,171,137,137,0.0,1
Yu_Shyi-kun\1\1.1153.jpg,0,257,171,137,137,0.0,1
Yu_Shyi-kun\1\1.1154.jpg,0,259,171,141,141,0.0,1
Yu_Shyi-kun\1\1.1155.jpg,0,259,172,149,149,0.0,1
Yu_Shyi-kun\1\1.1156.jpg,0,261,172,139,139,0.0,1
Yu_Shyi-kun\1\1.1157.jpg,0,261,172,140,140,0.0,1
Yu_Shyi-kun\1\1.1158.jpg,1,258,171,139,139,0.0,1
Yu_Shyi-kun\1\1.1159.jpg,0,257,172,139,139,0.0,1
Yu_Shyi-kun\1\1.1160.jpg,0,260,171,137,137,0.0,1
Yu_Shyi-kun\1\1.1161.jpg,0,261,171,141,141,0.0,1
Yu_Shyi-kun\1\1.1162.jpg,0,261,171,140,140,0.0,1
Yu_Shyi-kun\1\1.1163.jpg,0,262,171,143,143,0.0,1
Yu_Shyi-kun\1\1.1164.jpg,0,259,170,143,143,0.0,1
Yu_Shyi-kun\1\1.1165.jpg,0,264,171,142,142,0.0,1
Yu_Shyi-kun\1\1.1166.jpg,0,263,171,143,143,0.0,1
Yu_Shyi-kun\1\1.1167.jpg,0,265,173,132,132,0.0,1
