Yuvraj_Singh\0\0.1417.jpg,0,228,128,137,137,0.0,1
Yuvraj_Singh\0\0.1418.jpg,0,227,131,133,133,0.0,1
Yuvraj_Singh\0\0.1419.jpg,0,227,130,133,133,0.0,1
Yuvraj_Singh\0\0.1420.jpg,0,225,130,133,133,0.0,1
Yuvraj_Singh\0\0.1421.jpg,0,229,134,140,140,0.0,1
Yuvraj_Singh\0\0.1422.jpg,0,230,133,142,142,0.0,1
Yuvraj_Singh\0\0.1423.jpg,0,229,133,138,138,0.0,1
Yuvraj_Singh\0\0.1424.jpg,0,229,132,137,137,0.0,1
Yuvraj_Singh\0\0.1425.jpg,0,229,132,141,141,0.0,1
Yuvraj_Singh\0\0.1426.jpg,0,229,133,140,140,0.0,1
Yuvraj_Singh\0\0.1427.jpg,0,229,131,134,134,0.0,1
Yuvraj_Singh\0\0.1428.jpg,0,228,131,137,137,0.0,1
Yuvraj_Singh\0\0.1429.jpg,0,229,133,136,136,0.0,1
Yuvraj_Singh\0\0.1430.jpg,0,230,133,138,138,0.0,1
Yuvraj_Singh\0\0.1431.jpg,0,230,132,137,137,0.0,1
Yuvraj_Singh\0\0.1432.jpg,0,230,132,136,136,0.0,1
Yuvraj_Singh\0\0.1433.jpg,0,230,131,133,133,0.0,1
Yuvraj_Singh\0\0.1434.jpg,0,229,132,137,137,0.0,1
Yuvraj_Singh\0\0.1435.jpg,0,231,132,137,137,0.0,1
Yuvraj_Singh\0\0.1436.jpg,0,233,132,131,131,0.0,1
Yuvraj_Singh\0\0.1437.jpg,0,234,132,132,132,0.0,1
Yuvraj_Singh\0\0.1438.jpg,0,233,132,134,134,0.0,1
Yuvraj_Singh\0\0.1439.jpg,0,234,131,134,134,0.0,1
Yuvraj_Singh\0\0.1440.jpg,0,234,131,134,134,0.0,1
Yuvraj_Singh\0\0.1441.jpg,0,234,131,137,137,0.0,1
Yuvraj_Singh\0\0.1442.jpg,0,235,130,131,131,0.0,1
Yuvraj_Singh\0\0.1443.jpg,0,236,130,136,136,0.0,1
Yuvraj_Singh\0\0.1444.jpg,0,236,130,133,133,0.0,1
Yuvraj_Singh\0\0.1445.jpg,0,235,131,133,133,0.0,1
Yuvraj_Singh\0\0.1446.jpg,0,237,131,135,135,0.0,1
Yuvraj_Singh\0\0.1447.jpg,0,240,128,127,127,0.0,1
Yuvraj_Singh\0\0.1448.jpg,0,242,128,128,128,0.0,1
Yuvraj_Singh\0\0.1449.jpg,0,242,128,129,129,0.0,1
Yuvraj_Singh\0\0.1450.jpg,0,244,127,127,127,0.0,1
Yuvraj_Singh\0\0.1451.jpg,0,248,128,126,126,0.0,1
Yuvraj_Singh\0\0.1452.jpg,0,252,128,125,125,0.0,1
Yuvraj_Singh\0\0.1453.jpg,0,253,130,127,127,0.0,1
Yuvraj_Singh\0\0.1454.jpg,0,252,131,128,128,0.0,1
Yuvraj_Singh\0\0.1455.jpg,0,256,131,128,128,0.0,1
Yuvraj_Singh\0\0.1456.jpg,0,257,131,128,128,0.0,1
Yuvraj_Singh\0\0.1457.jpg,0,260,130,126,126,0.0,1
Yuvraj_Singh\0\0.1458.jpg,0,258,130,131,131,0.0,1
Yuvraj_Singh\0\0.1459.jpg,0,254,127,129,129,0.0,1
Yuvraj_Singh\0\0.1460.jpg,0,256,127,130,130,0.0,1
Yuvraj_Singh\0\0.1461.jpg,0,257,126,128,128,0.0,1
Yuvraj_Singh\0\0.1462.jpg,0,257,125,132,132,0.0,1
Yuvraj_Singh\0\0.1463.jpg,0,258,125,133,133,0.0,1
Yuvraj_Singh\0\0.1464.jpg,0,258,126,134,134,0.0,1
Yuvraj_Singh\0\0.1465.jpg,0,259,124,131,131,0.0,1
Yuvraj_Singh\0\0.1466.jpg,0,259,126,137,137,0.0,1
Yuvraj_Singh\0\0.1467.jpg,0,258,126,133,133,0.0,1
Yuvraj_Singh\0\0.1468.jpg,0,261,128,132,132,0.0,1
Yuvraj_Singh\0\0.1469.jpg,0,263,129,130,130,0.0,1
Yuvraj_Singh\0\0.1470.jpg,0,260,130,133,133,0.0,1
Yuvraj_Singh\0\0.1471.jpg,0,261,130,130,130,0.0,1
Yuvraj_Singh\0\0.1472.jpg,0,262,129,128,128,0.0,1
Yuvraj_Singh\0\0.1473.jpg,0,259,129,127,127,0.0,1
Yuvraj_Singh\0\0.1474.jpg,0,261,128,125,125,0.0,1
Yuvraj_Singh\0\0.1475.jpg,0,263,129,127,127,0.0,1
Yuvraj_Singh\0\0.1476.jpg,0,262,128,129,129,0.0,1
Yuvraj_Singh\0\0.1477.jpg,0,259,129,128,128,0.0,1
Yuvraj_Singh\0\0.1478.jpg,0,261,128,129,129,0.0,1
Yuvraj_Singh\0\0.1479.jpg,0,257,128,129,129,0.0,1
Yuvraj_Singh\0\0.1480.jpg,0,258,128,127,127,0.0,1
Yuvraj_Singh\0\0.1481.jpg,0,259,129,129,129,0.0,1
Yuvraj_Singh\0\0.1482.jpg,0,258,127,127,127,0.0,1
Yuvraj_Singh\0\0.1483.jpg,0,261,127,129,129,0.0,1
Yuvraj_Singh\0\0.1484.jpg,0,259,128,132,132,0.0,1
Yuvraj_Singh\0\0.1485.jpg,0,259,128,135,135,0.0,1
Yuvraj_Singh\0\0.1486.jpg,0,256,129,136,136,0.0,1
Yuvraj_Singh\0\0.1487.jpg,0,258,129,136,136,0.0,1
Yuvraj_Singh\0\0.1488.jpg,0,257,129,133,133,0.0,1
Yuvraj_Singh\0\0.1489.jpg,0,263,129,130,130,0.0,1
Yuvraj_Singh\0\0.1490.jpg,0,260,130,137,137,0.0,1
Yuvraj_Singh\0\0.1491.jpg,0,266,130,130,130,0.0,1
Yuvraj_Singh\0\0.1492.jpg,0,264,132,133,133,0.0,1
Yuvraj_Singh\0\0.1493.jpg,0,267,134,137,137,0.0,1
Yuvraj_Singh\0\0.1494.jpg,0,274,134,135,135,0.0,1
Yuvraj_Singh\0\0.1495.jpg,0,272,135,136,136,0.0,1
