Zahir_Shah\0\0.5249.jpg,0,200,83,95,95,0.0,1
Zahir_Shah\0\0.5250.jpg,0,201,84,96,96,0.0,1
Zahir_Shah\0\0.5251.jpg,0,200,84,91,91,0.0,1
Zahir_Shah\0\0.5252.jpg,0,203,81,94,94,0.0,1
Zahir_Shah\0\0.5253.jpg,0,200,81,92,92,0.0,1
Zahir_Shah\0\0.5254.jpg,1,199,81,95,95,0.0,1
Zahir_Shah\0\0.5255.jpg,0,199,81,93,93,0.0,1
Zahir_Shah\0\0.5256.jpg,0,200,81,90,90,0.0,1
Zahir_Shah\0\0.5257.jpg,0,199,80,93,93,0.0,1
Zahir_Shah\0\0.5258.jpg,0,198,80,95,95,0.0,1
Zahir_Shah\0\0.5259.jpg,0,199,81,95,95,0.0,1
Zahir_Shah\0\0.5260.jpg,1,199,81,94,94,0.0,1
Zahir_Shah\0\0.5261.jpg,0,200,81,90,90,0.0,1
Zahir_Shah\0\0.5262.jpg,0,200,80,93,93,0.0,1
Zahir_Shah\0\0.5263.jpg,0,201,81,95,95,0.0,1
Zahir_Shah\0\0.5264.jpg,0,202,80,92,92,0.0,1
Zahir_Shah\0\0.5265.jpg,0,202,81,92,92,0.0,1
Zahir_Shah\0\0.5266.jpg,0,202,81,97,97,0.0,1
Zahir_Shah\0\0.5267.jpg,0,201,81,98,98,0.0,1
Zahir_Shah\0\0.5268.jpg,0,202,80,96,96,0.0,1
Zahir_Shah\0\0.5269.jpg,0,203,80,97,97,0.0,1
Zahir_Shah\0\0.5270.jpg,0,203,81,98,98,0.0,1
Zahir_Shah\0\0.5271.jpg,0,204,80,95,95,0.0,1
Zahir_Shah\0\0.5272.jpg,0,203,81,94,94,0.0,1
Zahir_Shah\0\0.5273.jpg,0,203,80,97,97,0.0,1
Zahir_Shah\0\0.5274.jpg,0,204,80,94,94,0.0,1
Zahir_Shah\0\0.5275.jpg,0,204,80,99,99,0.0,1
Zahir_Shah\0\0.5276.jpg,0,204,80,97,97,0.0,1
Zahir_Shah\0\0.5277.jpg,0,203,79,97,97,0.0,1
Zahir_Shah\0\0.5278.jpg,0,203,81,94,94,0.0,1
Zahir_Shah\0\0.5279.jpg,0,202,81,96,96,0.0,1
Zahir_Shah\0\0.5280.jpg,0,202,79,94,94,0.0,1
Zahir_Shah\0\0.5281.jpg,0,201,80,94,94,0.0,1
Zahir_Shah\0\0.5282.jpg,0,200,80,97,97,0.0,1
Zahir_Shah\0\0.5283.jpg,0,199,81,95,95,0.0,1
Zahir_Shah\0\0.5284.jpg,0,195,82,100,100,0.0,1
Zahir_Shah\0\0.5285.jpg,1,190,84,102,102,0.0,1
Zahir_Shah\0\0.5286.jpg,0,187,86,102,102,0.0,1
Zahir_Shah\0\0.5287.jpg,0,184,85,97,97,0.0,1
Zahir_Shah\0\0.5288.jpg,0,186,86,90,90,0.0,1
Zahir_Shah\0\0.5289.jpg,0,186,86,95,95,0.0,1
Zahir_Shah\0\0.5290.jpg,0,184,86,97,97,0.0,1
Zahir_Shah\0\0.5291.jpg,0,184,86,102,102,0.0,1
Zahir_Shah\0\0.5292.jpg,0,186,85,98,98,0.0,1
Zahir_Shah\0\0.5293.jpg,0,187,85,99,99,0.0,1
Zahir_Shah\0\0.5294.jpg,0,190,85,94,94,0.0,1
Zahir_Shah\0\0.5295.jpg,0,189,83,93,93,0.0,1
Zahir_Shah\0\0.5296.jpg,1,192,83,96,96,0.0,1
Zahir_Shah\0\0.5297.jpg,1,191,82,108,108,0.0,1
Zahir_Shah\0\0.5298.jpg,0,193,80,101,101,0.0,1
Zahir_Shah\0\0.5299.jpg,0,197,80,93,93,0.0,1
Zahir_Shah\0\0.5300.jpg,0,198,79,95,95,0.0,1
Zahir_Shah\0\0.5301.jpg,0,200,79,91,91,0.0,1
Zahir_Shah\0\0.5302.jpg,0,202,79,88,88,0.0,1
Zahir_Shah\0\0.5303.jpg,0,203,79,86,86,0.0,1
Zahir_Shah\0\0.5304.jpg,0,206,79,86,86,0.0,1
Zahir_Shah\0\0.5305.jpg,0,208,78,88,88,0.0,1
Zahir_Shah\0\0.5306.jpg,0,206,78,87,87,0.0,1
Zahir_Shah\0\0.5307.jpg,0,207,78,89,89,0.0,1
Zahir_Shah\0\0.5308.jpg,1,207,79,90,90,0.0,1
Zahir_Shah\0\0.5309.jpg,0,206,79,92,92,0.0,1
Zahir_Shah\0\0.5310.jpg,0,206,78,90,90,0.0,1
Zahir_Shah\0\0.5311.jpg,0,205,77,88,88,0.0,1
Zahir_Shah\0\0.5312.jpg,0,206,77,91,91,0.0,1
Zahir_Shah\0\0.5313.jpg,0,207,77,92,92,0.0,1
Zahir_Shah\0\0.5314.jpg,0,209,78,92,92,0.0,1
Zahir_Shah\0\0.5315.jpg,0,209,77,94,94,0.0,1
Zahir_Shah\0\0.5316.jpg,0,208,76,93,93,0.0,1
Zahir_Shah\0\0.5317.jpg,0,208,77,94,94,0.0,1
Zahir_Shah\0\0.5318.jpg,0,207,76,94,94,0.0,1
Zahir_Shah\0\0.5319.jpg,0,208,75,95,95,0.0,1
Zahir_Shah\0\0.5320.jpg,0,208,76,97,97,0.0,1
Zahir_Shah\0\0.5321.jpg,0,206,76,94,94,0.0,1
Zahir_Shah\0\0.5322.jpg,0,206,77,98,98,0.0,1
Zahir_Shah\0\0.5323.jpg,0,205,76,95,95,0.0,1
Zahir_Shah\0\0.5324.jpg,0,205,76,96,96,0.0,1
Zahir_Shah\0\0.5325.jpg,0,205,74,94,94,0.0,1
Zahir_Shah\0\0.5326.jpg,0,204,75,94,94,0.0,1
Zahir_Shah\0\0.5327.jpg,1,204,72,100,100,0.0,1
Zahir_Shah\0\0.5328.jpg,0,204,73,100,100,0.0,1
Zahir_Shah\0\0.5329.jpg,1,204,71,91,91,0.0,1
Zahir_Shah\0\0.5330.jpg,0,201,70,94,94,0.0,1
Zahir_Shah\0\0.5331.jpg,0,201,70,96,96,0.0,1
Zahir_Shah\0\0.5332.jpg,0,199,70,96,96,0.0,1
Zahir_Shah\0\0.5333.jpg,0,197,70,98,98,0.0,1
Zahir_Shah\0\0.5334.jpg,0,195,68,96,96,0.0,1
Zahir_Shah\0\0.5335.jpg,0,198,73,99,99,0.0,1
Zahir_Shah\0\0.5336.jpg,0,195,74,98,98,0.0,1
Zahir_Shah\0\0.5337.jpg,0,192,72,98,98,0.0,1
Zahir_Shah\0\0.5338.jpg,0,194,77,91,91,0.0,1
Zahir_Shah\0\0.5339.jpg,0,192,78,94,94,0.0,1
Zahir_Shah\0\0.5340.jpg,0,191,80,96,96,0.0,1
Zahir_Shah\0\0.5341.jpg,0,192,81,102,102,0.0,1
Zahir_Shah\0\0.5342.jpg,0,190,83,108,108,0.0,1
Zahir_Shah\0\0.5343.jpg,0,191,81,94,94,0.0,1
Zahir_Shah\0\0.5344.jpg,0,191,82,94,94,0.0,1
Zahir_Shah\0\0.5345.jpg,0,192,81,93,93,0.0,1
Zahir_Shah\0\0.5346.jpg,0,193,81,98,98,0.0,1
Zahir_Shah\0\0.5347.jpg,0,194,80,100,100,0.0,1
Zahir_Shah\0\0.5348.jpg,0,195,79,90,90,0.0,1
Zahir_Shah\0\0.5349.jpg,0,194,78,89,89,0.0,1
Zahir_Shah\0\0.5350.jpg,0,195,78,93,93,0.0,1
Zahir_Shah\0\0.5351.jpg,0,196,80,88,88,0.0,1
Zahir_Shah\0\0.5352.jpg,0,197,80,88,88,0.0,1
Zahir_Shah\0\0.5353.jpg,0,195,79,87,87,0.0,1
Zahir_Shah\0\0.5354.jpg,0,196,79,90,90,0.0,1
Zahir_Shah\0\0.5355.jpg,0,196,78,89,89,0.0,1
Zahir_Shah\0\0.5356.jpg,0,197,79,88,88,0.0,1
Zahir_Shah\0\0.5357.jpg,0,198,79,88,88,0.0,1
Zahir_Shah\0\0.5358.jpg,0,199,77,89,89,0.0,1
Zahir_Shah\0\0.5359.jpg,0,199,77,93,93,0.0,1
Zahir_Shah\0\0.5360.jpg,0,200,77,93,93,0.0,1
Zahir_Shah\0\0.5361.jpg,0,200,77,91,91,0.0,1
Zahir_Shah\0\0.5362.jpg,0,201,78,91,91,0.0,1
Zahir_Shah\0\0.5363.jpg,0,201,78,90,90,0.0,1
Zahir_Shah\0\0.5364.jpg,0,202,78,89,89,0.0,1
Zahir_Shah\0\0.5365.jpg,0,203,78,92,92,0.0,1
Zahir_Shah\0\0.5366.jpg,0,203,78,88,88,0.0,1
Zahir_Shah\0\0.5367.jpg,1,203,78,89,89,0.0,1
Zahir_Shah\0\0.5368.jpg,0,204,78,89,89,0.0,1
Zahir_Shah\0\0.5369.jpg,0,203,78,92,92,0.0,1
Zahir_Shah\0\0.5370.jpg,0,202,78,90,90,0.0,1
Zahir_Shah\0\0.5371.jpg,0,203,79,92,92,0.0,1
Zahir_Shah\0\0.5372.jpg,0,202,78,89,89,0.0,1
Zahir_Shah\0\0.5373.jpg,0,202,78,92,92,0.0,1
Zahir_Shah\0\0.5374.jpg,0,202,77,91,91,0.0,1
Zahir_Shah\0\0.5375.jpg,0,204,77,93,93,0.0,1
Zahir_Shah\0\0.5376.jpg,0,204,77,93,93,0.0,1
Zahir_Shah\0\0.5377.jpg,0,204,77,93,93,0.0,1
Zahir_Shah\0\0.5378.jpg,0,204,77,93,93,0.0,1
Zahir_Shah\0\0.5379.jpg,0,203,77,92,92,0.0,1
Zahir_Shah\0\0.5380.jpg,1,204,77,94,94,0.0,1
Zahir_Shah\0\0.5381.jpg,0,201,78,100,100,0.0,1
Zahir_Shah\0\0.5382.jpg,0,201,78,94,94,0.0,1
Zahir_Shah\0\0.5383.jpg,0,201,78,92,92,0.0,1
Zahir_Shah\0\0.5384.jpg,0,200,75,91,91,0.0,1
Zahir_Shah\0\0.5385.jpg,0,200,75,93,93,0.0,1
Zahir_Shah\0\0.5386.jpg,2,201,74,93,93,0.0,1
Zahir_Shah\0\0.5387.jpg,0,198,74,94,94,0.0,1
Zahir_Shah\0\0.5388.jpg,0,201,73,94,94,0.0,1
Zahir_Shah\0\0.5389.jpg,1,199,73,98,98,0.0,1
Zahir_Shah\0\0.5390.jpg,0,197,73,98,98,0.0,1
Zahir_Shah\0\0.5391.jpg,0,198,73,100,100,0.0,1
Zahir_Shah\0\0.5392.jpg,0,198,74,95,95,0.0,1
Zahir_Shah\0\0.5393.jpg,0,199,75,96,96,0.0,1
Zahir_Shah\0\0.5394.jpg,0,199,75,90,90,0.0,1
Zahir_Shah\0\0.5395.jpg,0,196,75,96,96,0.0,1
Zahir_Shah\0\0.5396.jpg,0,196,74,95,95,0.0,1
Zahir_Shah\0\0.5397.jpg,0,196,77,96,96,0.0,1
Zahir_Shah\1\1.5887.jpg,0,161,85,127,127,0.0,1
Zahir_Shah\1\1.5888.jpg,0,160,85,129,129,0.0,1
Zahir_Shah\1\1.5889.jpg,0,160,85,128,128,0.0,1
Zahir_Shah\1\1.5890.jpg,0,161,86,130,130,0.0,1
Zahir_Shah\1\1.5891.jpg,0,161,86,129,129,0.0,1
Zahir_Shah\1\1.5892.jpg,0,161,86,130,130,0.0,1
Zahir_Shah\1\1.5893.jpg,0,159,86,132,132,0.0,1
Zahir_Shah\1\1.5894.jpg,0,160,87,134,134,0.0,1
Zahir_Shah\1\1.5895.jpg,0,160,87,132,132,0.0,1
Zahir_Shah\1\1.5896.jpg,0,158,86,131,131,0.0,1
Zahir_Shah\1\1.5897.jpg,0,158,88,138,138,0.0,1
Zahir_Shah\1\1.5898.jpg,0,157,87,134,134,0.0,1
Zahir_Shah\1\1.5899.jpg,0,157,88,139,139,0.0,1
Zahir_Shah\1\1.5900.jpg,0,157,88,141,141,0.0,1
Zahir_Shah\1\1.5901.jpg,0,156,87,139,139,0.0,1
Zahir_Shah\1\1.5902.jpg,0,156,88,139,139,0.0,1
Zahir_Shah\1\1.5903.jpg,0,157,88,139,139,0.0,1
Zahir_Shah\1\1.5904.jpg,0,158,89,140,140,0.0,1
Zahir_Shah\1\1.5905.jpg,0,158,89,136,136,0.0,1
Zahir_Shah\1\1.5906.jpg,0,157,89,142,142,0.0,1
Zahir_Shah\1\1.5907.jpg,0,157,90,144,144,0.0,1
Zahir_Shah\1\1.5908.jpg,0,158,89,144,144,0.0,1
Zahir_Shah\1\1.5909.jpg,0,158,89,140,140,0.0,1
Zahir_Shah\1\1.5910.jpg,0,157,89,140,140,0.0,1
Zahir_Shah\1\1.5911.jpg,0,158,88,139,139,0.0,1
Zahir_Shah\1\1.5912.jpg,0,157,88,141,141,0.0,1
Zahir_Shah\1\1.5913.jpg,0,156,88,135,135,0.0,1
Zahir_Shah\1\1.5914.jpg,0,156,88,141,141,0.0,1
Zahir_Shah\1\1.5915.jpg,0,155,88,139,139,0.0,1
Zahir_Shah\1\1.5916.jpg,0,157,90,140,140,0.0,1
Zahir_Shah\1\1.5917.jpg,0,156,90,142,142,0.0,1
Zahir_Shah\1\1.5918.jpg,0,155,89,141,141,0.0,1
Zahir_Shah\1\1.5919.jpg,0,156,89,140,140,0.0,1
Zahir_Shah\1\1.5920.jpg,0,157,89,140,140,0.0,1
Zahir_Shah\1\1.5921.jpg,0,156,88,135,135,0.0,1
Zahir_Shah\1\1.5922.jpg,0,157,89,136,136,0.0,1
Zahir_Shah\1\1.5923.jpg,0,156,89,137,137,0.0,1
Zahir_Shah\1\1.5924.jpg,0,157,89,140,140,0.0,1
Zahir_Shah\1\1.5925.jpg,0,156,89,140,140,0.0,1
Zahir_Shah\1\1.5926.jpg,0,155,89,138,138,0.0,1
Zahir_Shah\1\1.5927.jpg,0,156,89,136,136,0.0,1
Zahir_Shah\1\1.5928.jpg,0,156,89,136,136,0.0,1
Zahir_Shah\1\1.5929.jpg,0,156,89,136,136,0.0,1
Zahir_Shah\1\1.5930.jpg,0,156,88,135,135,0.0,1
Zahir_Shah\1\1.5931.jpg,0,155,89,136,136,0.0,1
Zahir_Shah\1\1.5932.jpg,0,155,89,135,135,0.0,1
Zahir_Shah\1\1.5933.jpg,0,158,91,136,136,0.0,1
Zahir_Shah\1\1.5934.jpg,0,158,91,136,136,0.0,1
Zahir_Shah\1\1.5935.jpg,0,157,90,139,139,0.0,1
Zahir_Shah\1\1.5936.jpg,0,156,90,134,134,0.0,1
Zahir_Shah\1\1.5937.jpg,0,156,91,145,145,0.0,1
Zahir_Shah\1\1.5938.jpg,0,157,91,147,147,0.0,1
Zahir_Shah\1\1.5939.jpg,0,155,91,143,143,0.0,1
Zahir_Shah\1\1.5940.jpg,0,155,91,144,144,0.0,1
Zahir_Shah\1\1.5941.jpg,0,157,90,141,141,0.0,1
Zahir_Shah\1\1.5942.jpg,0,158,91,142,142,0.0,1
Zahir_Shah\1\1.5943.jpg,0,154,92,144,144,0.0,1
Zahir_Shah\1\1.5944.jpg,0,154,92,149,149,0.0,1
Zahir_Shah\1\1.5945.jpg,0,156,94,148,148,0.0,1
Zahir_Shah\1\1.5946.jpg,0,154,91,145,145,0.0,1
Zahir_Shah\1\1.5947.jpg,0,155,92,148,148,0.0,1
Zahir_Shah\1\1.5948.jpg,0,155,91,145,145,0.0,1
Zahir_Shah\1\1.5949.jpg,0,155,93,148,148,0.0,1
Zahir_Shah\1\1.5950.jpg,0,155,93,149,149,0.0,1
Zahir_Shah\1\1.5951.jpg,0,155,94,148,148,0.0,1
Zahir_Shah\1\1.5952.jpg,0,155,94,149,149,0.0,1
Zahir_Shah\1\1.5953.jpg,0,156,93,146,146,0.0,1
Zahir_Shah\1\1.5954.jpg,0,157,92,143,143,0.0,1
Zahir_Shah\1\1.5955.jpg,0,155,93,149,149,0.0,1
Zahir_Shah\1\1.5956.jpg,0,155,93,147,147,0.0,1
Zahir_Shah\1\1.5957.jpg,0,155,93,141,141,0.0,1
Zahir_Shah\1\1.5958.jpg,0,155,93,140,140,0.0,1
Zahir_Shah\1\1.5959.jpg,0,155,92,140,140,0.0,1
Zahir_Shah\1\1.5960.jpg,0,154,93,142,142,0.0,1
Zahir_Shah\1\1.5961.jpg,0,155,94,144,144,0.0,1
Zahir_Shah\1\1.5962.jpg,0,154,94,145,145,0.0,1
Zahir_Shah\1\1.5963.jpg,0,154,94,147,147,0.0,1
Zahir_Shah\1\1.5964.jpg,0,153,93,147,147,0.0,1
Zahir_Shah\1\1.5965.jpg,0,152,95,143,143,0.0,1
Zahir_Shah\1\1.5966.jpg,0,154,94,141,141,0.0,1
Zahir_Shah\1\1.5967.jpg,0,153,94,141,141,0.0,1
Zahir_Shah\1\1.5968.jpg,0,154,95,143,143,0.0,1
Zahir_Shah\1\1.5969.jpg,0,156,95,142,142,0.0,1
Zahir_Shah\1\1.5970.jpg,0,157,96,144,144,0.0,1
Zahir_Shah\1\1.5971.jpg,0,155,96,147,147,0.0,1
Zahir_Shah\1\1.5972.jpg,0,154,96,149,149,0.0,1
Zahir_Shah\1\1.5973.jpg,0,156,95,143,143,0.0,1
Zahir_Shah\1\1.5974.jpg,0,153,95,147,147,0.0,1
Zahir_Shah\1\1.5975.jpg,0,153,96,148,148,0.0,1
Zahir_Shah\1\1.5976.jpg,0,153,97,150,150,0.0,1
Zahir_Shah\1\1.5977.jpg,0,153,97,155,155,0.0,1
Zahir_Shah\1\1.5978.jpg,0,153,98,156,156,0.0,1
Zahir_Shah\1\1.5979.jpg,0,153,97,158,158,0.0,1
Zahir_Shah\1\1.5980.jpg,0,153,97,157,157,0.0,1
Zahir_Shah\1\1.5981.jpg,0,152,96,155,155,0.0,1
Zahir_Shah\1\1.5982.jpg,0,152,96,155,155,0.0,1
Zahir_Shah\1\1.5983.jpg,0,153,97,154,154,0.0,1
Zahir_Shah\1\1.5984.jpg,0,152,97,154,154,0.0,1
Zahir_Shah\1\1.5985.jpg,0,153,97,156,156,0.0,1
Zahir_Shah\1\1.5986.jpg,0,154,97,158,158,0.0,1
Zahir_Shah\1\1.5987.jpg,0,154,97,158,158,0.0,1
Zahir_Shah\1\1.5988.jpg,0,153,96,153,153,0.0,1
Zahir_Shah\1\1.5989.jpg,0,154,96,152,152,0.0,1
Zahir_Shah\1\1.5990.jpg,0,153,96,153,153,0.0,1
Zahir_Shah\1\1.5991.jpg,0,153,98,152,152,0.0,1
Zahir_Shah\1\1.5992.jpg,0,152,97,153,153,0.0,1
Zahir_Shah\1\1.5993.jpg,0,152,97,150,150,0.0,1
Zahir_Shah\1\1.5994.jpg,0,153,97,151,151,0.0,1
Zahir_Shah\1\1.5995.jpg,0,151,98,155,155,0.0,1
Zahir_Shah\1\1.5996.jpg,0,152,98,156,156,0.0,1
Zahir_Shah\1\1.5997.jpg,0,152,97,151,151,0.0,1
Zahir_Shah\1\1.5998.jpg,0,152,97,153,153,0.0,1
Zahir_Shah\1\1.5999.jpg,0,153,98,150,150,0.0,1
Zahir_Shah\1\1.6000.jpg,0,150,99,154,154,0.0,1
Zahir_Shah\1\1.6001.jpg,0,150,99,155,155,0.0,1
Zahir_Shah\1\1.6002.jpg,0,151,100,159,159,0.0,1
Zahir_Shah\1\1.6003.jpg,0,152,101,157,157,0.0,1
Zahir_Shah\1\1.6004.jpg,0,152,101,157,157,0.0,1
Zahir_Shah\1\1.6005.jpg,0,152,98,152,152,0.0,1
Zahir_Shah\1\1.6006.jpg,0,152,99,154,154,0.0,1
Zahir_Shah\1\1.6007.jpg,0,153,99,154,154,0.0,1
Zahir_Shah\1\1.6008.jpg,0,153,99,154,154,0.0,1
Zahir_Shah\1\1.6009.jpg,0,152,101,152,152,0.0,1
Zahir_Shah\1\1.6010.jpg,0,153,101,150,150,0.0,1
Zahir_Shah\1\1.6011.jpg,0,153,100,147,147,0.0,1
Zahir_Shah\1\1.6012.jpg,0,155,99,153,153,0.0,1
Zahir_Shah\1\1.6013.jpg,0,155,100,158,158,0.0,1
Zahir_Shah\1\1.6014.jpg,0,155,99,158,158,0.0,1
Zahir_Shah\1\1.6015.jpg,0,155,99,158,158,0.0,1
Zahir_Shah\1\1.6016.jpg,0,156,99,155,155,0.0,1
Zahir_Shah\1\1.6017.jpg,0,153,100,154,154,0.0,1
Zahir_Shah\1\1.6018.jpg,0,153,101,158,158,0.0,1
Zahir_Shah\1\1.6019.jpg,0,151,100,157,157,0.0,1
Zahir_Shah\1\1.6020.jpg,0,151,100,157,157,0.0,1
Zahir_Shah\1\1.6021.jpg,0,153,100,157,157,0.0,1
Zahir_Shah\1\1.6022.jpg,0,152,102,161,161,0.0,1
Zahir_Shah\1\1.6023.jpg,0,154,101,158,158,0.0,1
Zahir_Shah\1\1.6024.jpg,0,150,102,164,164,0.0,1
Zahir_Shah\1\1.6025.jpg,0,152,102,161,161,0.0,1
Zahir_Shah\1\1.6026.jpg,0,151,103,163,163,0.0,1
Zahir_Shah\1\1.6027.jpg,0,152,103,160,160,0.0,1
Zahir_Shah\1\1.6028.jpg,0,152,103,160,160,0.0,1
Zahir_Shah\1\1.6029.jpg,0,150,103,163,163,0.0,1
Zahir_Shah\1\1.6030.jpg,0,151,103,163,163,0.0,1
Zahir_Shah\1\1.6031.jpg,0,150,103,163,163,0.0,1
Zahir_Shah\1\1.6032.jpg,0,150,104,167,167,0.0,1
Zahir_Shah\1\1.6033.jpg,0,150,103,161,161,0.0,1
Zahir_Shah\1\1.6034.jpg,0,150,103,161,161,0.0,1
Zahir_Shah\1\1.6035.jpg,0,151,104,160,160,0.0,1
Zahir_Shah\1\1.6036.jpg,0,150,103,162,162,0.0,1
Zahir_Shah\1\1.6037.jpg,0,152,103,156,156,0.0,1
Zahir_Shah\1\1.6038.jpg,0,150,103,157,157,0.0,1
Zahir_Shah\1\1.6039.jpg,0,150,103,157,157,0.0,1
Zahir_Shah\1\1.6040.jpg,0,151,102,155,155,0.0,1
Zahir_Shah\1\1.6041.jpg,0,150,103,159,159,0.0,1
Zahir_Shah\1\1.6042.jpg,0,150,103,159,159,0.0,1
Zahir_Shah\1\1.6043.jpg,0,151,103,155,155,0.0,1
Zahir_Shah\1\1.6044.jpg,0,151,104,158,158,0.0,1
Zahir_Shah\1\1.6045.jpg,0,150,104,157,157,0.0,1
Zahir_Shah\1\1.6046.jpg,0,151,104,163,163,0.0,1
Zahir_Shah\1\1.6047.jpg,0,151,104,163,163,0.0,1
Zahir_Shah\1\1.6048.jpg,0,151,105,163,163,0.0,1
Zahir_Shah\1\1.6049.jpg,0,151,104,163,163,0.0,1
Zahir_Shah\1\1.6050.jpg,0,151,105,165,165,0.0,1
Zahir_Shah\1\1.6051.jpg,0,151,105,166,166,0.0,1
Zahir_Shah\1\1.6052.jpg,0,150,105,166,166,0.0,1
Zahir_Shah\1\1.6053.jpg,0,148,105,169,169,0.0,1
Zahir_Shah\1\1.6054.jpg,0,149,105,169,169,0.0,1
Zahir_Shah\1\1.6055.jpg,0,150,105,165,165,0.0,1
Zahir_Shah\1\1.6056.jpg,0,150,106,163,163,0.0,1
Zahir_Shah\1\1.6057.jpg,0,149,107,165,165,0.0,1
Zahir_Shah\1\1.6058.jpg,0,149,106,167,167,0.0,1
Zahir_Shah\1\1.6059.jpg,0,149,106,167,167,0.0,1
Zahir_Shah\1\1.6060.jpg,0,151,107,170,170,0.0,1
Zahir_Shah\1\1.6061.jpg,0,149,106,169,169,0.0,1
Zahir_Shah\1\1.6062.jpg,0,149,106,167,167,0.0,1
Zahir_Shah\1\1.6063.jpg,0,149,106,171,171,0.0,1
Zahir_Shah\1\1.6064.jpg,0,150,107,170,170,0.0,1
Zahir_Shah\1\1.6065.jpg,0,150,106,168,168,0.0,1
Zahir_Shah\1\1.6066.jpg,0,149,107,169,169,0.0,1
Zahir_Shah\1\1.6067.jpg,0,149,107,165,165,0.0,1
Zahir_Shah\1\1.6068.jpg,0,149,106,163,163,0.0,1
Zahir_Shah\1\1.6069.jpg,0,150,107,163,163,0.0,1
Zahir_Shah\1\1.6070.jpg,0,150,108,164,164,0.0,1
Zahir_Shah\1\1.6071.jpg,0,150,108,165,165,0.0,1
Zahir_Shah\1\1.6072.jpg,0,149,107,166,166,0.0,1
Zahir_Shah\1\1.6073.jpg,0,151,108,168,168,0.0,1
Zahir_Shah\1\1.6074.jpg,0,147,109,170,170,0.0,1
Zahir_Shah\1\1.6075.jpg,0,147,109,168,168,0.0,1
Zahir_Shah\1\1.6076.jpg,0,147,110,170,170,0.0,1
Zahir_Shah\1\1.6077.jpg,0,146,109,167,167,0.0,1
Zahir_Shah\1\1.6078.jpg,0,145,110,171,171,0.0,1
Zahir_Shah\1\1.6079.jpg,0,145,110,171,171,0.0,1
Zahir_Shah\1\1.6080.jpg,0,143,110,173,173,0.0,1
Zahir_Shah\1\1.6081.jpg,0,145,111,172,172,0.0,1
Zahir_Shah\1\1.6082.jpg,0,146,110,170,170,0.0,1
Zahir_Shah\1\1.6083.jpg,0,149,110,171,171,0.0,1
Zahir_Shah\1\1.6084.jpg,0,150,110,174,174,0.0,1
Zahir_Shah\1\1.6085.jpg,0,146,110,167,167,0.0,1
Zahir_Shah\1\1.6086.jpg,0,146,111,172,172,0.0,1
Zahir_Shah\1\1.6087.jpg,0,146,111,173,173,0.0,1
Zahir_Shah\1\1.6088.jpg,0,148,110,173,173,0.0,1
Zahir_Shah\1\1.6089.jpg,0,147,111,170,170,0.0,1
Zahir_Shah\1\1.6090.jpg,0,145,110,169,169,0.0,1
Zahir_Shah\1\1.6091.jpg,0,146,111,169,169,0.0,1
Zahir_Shah\1\1.6092.jpg,0,147,112,166,166,0.0,1
Zahir_Shah\1\1.6093.jpg,0,145,112,169,169,0.0,1
Zahir_Shah\1\1.6094.jpg,0,145,112,169,169,0.0,1
Zahir_Shah\1\1.6095.jpg,0,146,112,167,167,0.0,1
Zahir_Shah\1\1.6096.jpg,0,147,113,168,168,0.0,1
Zahir_Shah\1\1.6097.jpg,0,145,113,173,173,0.0,1
Zahir_Shah\1\1.6098.jpg,0,147,113,173,173,0.0,1
Zahir_Shah\1\1.6099.jpg,0,147,113,172,172,0.0,1
Zahir_Shah\1\1.6100.jpg,0,145,114,172,172,0.0,1
Zahir_Shah\1\1.6101.jpg,0,145,113,173,173,0.0,1
Zahir_Shah\1\1.6102.jpg,0,144,113,175,175,0.0,1
Zahir_Shah\1\1.6103.jpg,0,144,113,176,176,0.0,1
Zahir_Shah\1\1.6104.jpg,0,143,113,174,174,0.0,1
Zahir_Shah\1\1.6105.jpg,0,146,113,176,176,0.0,1
Zahir_Shah\1\1.6106.jpg,0,145,113,179,179,0.0,1
Zahir_Shah\1\1.6107.jpg,0,145,113,179,179,0.0,1
Zahir_Shah\1\1.6108.jpg,0,145,114,178,178,0.0,1
Zahir_Shah\1\1.6109.jpg,0,146,113,179,179,0.0,1
Zahir_Shah\1\1.6110.jpg,0,146,113,177,177,0.0,1
Zahir_Shah\1\1.6111.jpg,0,145,115,180,180,0.0,1
Zahir_Shah\1\1.6112.jpg,0,146,114,177,177,0.0,1
Zahir_Shah\1\1.6113.jpg,0,146,114,176,176,0.0,1
Zahir_Shah\1\1.6114.jpg,0,146,114,176,176,0.0,1
Zahir_Shah\1\1.6115.jpg,0,147,114,177,177,0.0,1
Zahir_Shah\1\1.6116.jpg,0,147,115,178,178,0.0,1
Zahir_Shah\1\1.6117.jpg,0,147,115,181,181,0.0,1
Zahir_Shah\1\1.6118.jpg,0,147,115,181,181,0.0,1
Zahir_Shah\1\1.6119.jpg,0,147,116,180,180,0.0,1
Zahir_Shah\1\1.6120.jpg,0,148,115,180,180,0.0,1
Zahir_Shah\1\1.6121.jpg,0,147,114,179,179,0.0,1
Zahir_Shah\1\1.6122.jpg,0,148,114,178,178,0.0,1
Zahir_Shah\1\1.6123.jpg,0,147,115,180,180,0.0,1
Zahir_Shah\1\1.6124.jpg,0,147,115,180,180,0.0,1
Zahir_Shah\1\1.6125.jpg,0,146,114,177,177,0.0,1
Zahir_Shah\1\1.6126.jpg,0,146,115,183,183,0.0,1
Zahir_Shah\1\1.6127.jpg,0,144,115,181,181,0.0,1
