Zarai_Toledo\1\1.7516.jpg,0,190,115,56,56,0.0,1
Zarai_Toledo\1\1.7517.jpg,0,187,114,55,55,0.0,1
Zarai_Toledo\1\1.7518.jpg,0,184,115,55,55,0.0,1
Zarai_Toledo\1\1.7519.jpg,0,179,115,56,56,0.0,1
Zarai_Toledo\1\1.7520.jpg,0,178,115,56,56,0.0,1
Zarai_Toledo\1\1.7521.jpg,0,176,114,55,55,0.0,1
Zarai_Toledo\1\1.7522.jpg,0,176,114,54,54,0.0,1
Zarai_Toledo\1\1.7523.jpg,0,175,114,54,54,0.0,1
Zarai_Toledo\1\1.7524.jpg,0,174,113,53,53,0.0,1
Zarai_Toledo\1\1.7525.jpg,0,174,114,54,54,0.0,1
Zarai_Toledo\1\1.7526.jpg,0,174,113,54,54,0.0,1
Zarai_Toledo\1\1.7527.jpg,0,171,113,54,54,0.0,1
Zarai_Toledo\1\1.7528.jpg,0,170,112,53,53,0.0,1
Zarai_Toledo\1\1.7529.jpg,0,169,113,54,54,0.0,1
Zarai_Toledo\1\1.7530.jpg,1,167,113,53,53,0.0,1
Zarai_Toledo\1\1.7531.jpg,0,166,115,54,54,0.0,1
Zarai_Toledo\1\1.7532.jpg,0,165,117,56,56,0.0,1
Zarai_Toledo\1\1.7533.jpg,0,164,117,55,55,0.0,1
Zarai_Toledo\1\1.7534.jpg,0,165,119,54,54,0.0,1
Zarai_Toledo\1\1.7535.jpg,0,165,121,56,56,0.0,1
Zarai_Toledo\1\1.7536.jpg,0,165,121,55,55,0.0,1
Zarai_Toledo\1\1.7537.jpg,0,164,122,55,55,0.0,1
Zarai_Toledo\1\1.7538.jpg,0,163,122,54,54,0.0,1
Zarai_Toledo\1\1.7539.jpg,0,163,124,54,54,0.0,1
Zarai_Toledo\1\1.7540.jpg,0,162,124,55,55,0.0,1
Zarai_Toledo\1\1.7541.jpg,0,162,123,53,53,0.0,1
Zarai_Toledo\1\1.7542.jpg,0,163,123,53,53,0.0,1
Zarai_Toledo\1\1.7543.jpg,0,166,124,54,54,0.0,1
Zarai_Toledo\1\1.7544.jpg,0,165,123,53,53,0.0,1
Zarai_Toledo\1\1.7545.jpg,0,165,123,53,53,0.0,1
Zarai_Toledo\1\1.7546.jpg,0,165,123,53,53,0.0,1
Zarai_Toledo\1\1.7547.jpg,0,167,125,53,53,0.0,1
Zarai_Toledo\1\1.7548.jpg,0,167,125,51,51,0.0,1
Zarai_Toledo\1\1.7549.jpg,0,168,126,53,53,0.0,1
Zarai_Toledo\1\1.7550.jpg,0,169,126,53,53,0.0,1
Zarai_Toledo\1\1.7551.jpg,0,171,127,53,53,0.0,1
Zarai_Toledo\1\1.7552.jpg,0,171,128,54,54,0.0,1
Zarai_Toledo\1\1.7553.jpg,0,172,128,52,52,0.0,1
Zarai_Toledo\1\1.7554.jpg,0,173,128,52,52,0.0,1
Zarai_Toledo\1\1.7555.jpg,0,174,128,53,53,0.0,1
Zarai_Toledo\1\1.7556.jpg,0,175,127,53,53,0.0,1
Zarai_Toledo\1\1.7557.jpg,0,177,127,55,55,0.0,1
Zarai_Toledo\1\1.7558.jpg,0,179,126,54,54,0.0,1
Zarai_Toledo\1\1.7559.jpg,0,180,126,54,54,0.0,1
Zarai_Toledo\1\1.7560.jpg,0,180,126,54,54,0.0,1
Zarai_Toledo\1\1.7561.jpg,0,180,125,55,55,0.0,1
Zarai_Toledo\1\1.7562.jpg,0,181,126,54,54,0.0,1
Zarai_Toledo\1\1.7563.jpg,0,180,125,53,53,0.0,1
Zarai_Toledo\1\1.7564.jpg,0,180,125,53,53,0.0,1
Zarai_Toledo\1\1.7565.jpg,0,181,126,52,52,0.0,1
Zarai_Toledo\1\1.7566.jpg,0,182,126,54,54,0.0,1
Zarai_Toledo\1\1.7567.jpg,0,184,123,52,52,0.0,1
Zarai_Toledo\1\1.7568.jpg,0,187,122,54,54,0.0,1
Zarai_Toledo\1\1.7569.jpg,0,189,121,54,54,0.0,1
Zarai_Toledo\1\1.7570.jpg,0,190,119,54,54,0.0,1
Zarai_Toledo\1\1.7571.jpg,0,190,115,55,55,0.0,1
Zarai_Toledo\1\1.7572.jpg,0,191,113,55,55,0.0,1
Zarai_Toledo\1\1.7573.jpg,0,192,116,56,56,0.0,1
Zarai_Toledo\1\1.7574.jpg,0,193,114,56,56,0.0,1
Zarai_Toledo\1\1.7575.jpg,0,196,114,56,56,0.0,1
Zarai_Toledo\1\1.7576.jpg,0,199,114,56,56,0.0,1
Zarai_Toledo\1\1.7577.jpg,0,200,113,57,57,0.0,1
Zarai_Toledo\1\1.7578.jpg,0,201,112,55,55,0.0,1
Zarai_Toledo\1\1.7579.jpg,0,205,112,55,55,0.0,1
Zarai_Toledo\1\1.7580.jpg,0,208,111,56,56,0.0,1
