Zavad_Zarif\1\1.1273.jpg,0,157,86,80,80,0.0,1
Zavad_Zarif\1\1.1274.jpg,0,157,86,80,80,0.0,1
Zavad_Zarif\1\1.1275.jpg,0,158,89,78,78,0.0,1
Zavad_Zarif\1\1.1276.jpg,0,157,88,79,79,0.0,1
Zavad_Zarif\1\1.1277.jpg,0,158,92,78,78,0.0,1
Zavad_Zarif\1\1.1278.jpg,0,160,93,82,82,0.0,1
Zavad_Zarif\1\1.1279.jpg,0,159,92,83,83,0.0,1
Zavad_Zarif\1\1.1280.jpg,0,159,93,85,85,0.0,1
Zavad_Zarif\1\1.1281.jpg,0,157,93,81,81,0.0,1
Zavad_Zarif\1\1.1282.jpg,0,157,93,81,81,0.0,1
Zavad_Zarif\1\1.1283.jpg,0,158,94,82,82,0.0,1
Zavad_Zarif\1\1.1284.jpg,0,157,93,81,81,0.0,1
Zavad_Zarif\1\1.1285.jpg,0,158,93,79,79,0.0,1
Zavad_Zarif\1\1.1286.jpg,0,158,92,84,84,0.0,1
Zavad_Zarif\1\1.1287.jpg,0,158,92,84,84,0.0,1
Zavad_Zarif\1\1.1288.jpg,0,159,92,84,84,0.0,1
Zavad_Zarif\1\1.1289.jpg,0,160,91,82,82,0.0,1
Zavad_Zarif\1\1.1290.jpg,0,160,91,82,82,0.0,1
Zavad_Zarif\1\1.1291.jpg,0,159,91,83,83,0.0,1
Zavad_Zarif\1\1.1292.jpg,0,159,91,83,83,0.0,1
Zavad_Zarif\1\1.1293.jpg,0,159,92,82,82,0.0,1
Zavad_Zarif\1\1.1294.jpg,0,156,92,84,84,0.0,1
Zavad_Zarif\1\1.1295.jpg,0,156,92,84,84,0.0,1
Zavad_Zarif\1\1.1296.jpg,0,155,92,85,85,0.0,1
Zavad_Zarif\1\1.1297.jpg,0,155,92,87,87,0.0,1
Zavad_Zarif\1\1.1298.jpg,0,155,92,86,86,0.0,1
Zavad_Zarif\1\1.1299.jpg,0,157,92,84,84,0.0,1
Zavad_Zarif\1\1.1300.jpg,0,157,92,84,84,0.0,1
Zavad_Zarif\1\1.1301.jpg,0,157,92,82,82,0.0,1
Zavad_Zarif\1\1.1302.jpg,0,157,92,83,83,0.0,1
Zavad_Zarif\1\1.1303.jpg,0,157,92,83,83,0.0,1
Zavad_Zarif\1\1.1304.jpg,0,158,92,81,81,0.0,1
Zavad_Zarif\1\1.1305.jpg,0,158,92,81,81,0.0,1
Zavad_Zarif\1\1.1306.jpg,0,158,92,82,82,0.0,1
Zavad_Zarif\1\1.1307.jpg,0,158,92,82,82,0.0,1
Zavad_Zarif\1\1.1308.jpg,0,158,92,82,82,0.0,1
Zavad_Zarif\1\1.1309.jpg,0,159,91,82,82,0.0,1
Zavad_Zarif\1\1.1310.jpg,0,159,91,84,84,0.0,1
Zavad_Zarif\1\1.1311.jpg,0,159,91,84,84,0.0,1
Zavad_Zarif\1\1.1312.jpg,0,158,90,82,82,0.0,1
Zavad_Zarif\1\1.1313.jpg,0,158,90,82,82,0.0,1
Zavad_Zarif\1\1.1314.jpg,0,157,90,84,84,0.0,1
Zavad_Zarif\1\1.1315.jpg,0,157,90,86,86,0.0,1
Zavad_Zarif\1\1.1316.jpg,0,157,90,86,86,0.0,1
Zavad_Zarif\1\1.1317.jpg,0,157,92,84,84,0.0,1
Zavad_Zarif\1\1.1318.jpg,0,157,96,82,82,0.0,1
Zavad_Zarif\1\1.1319.jpg,0,156,96,83,83,0.0,1
Zavad_Zarif\1\1.1320.jpg,0,157,95,84,84,0.0,1
Zavad_Zarif\1\1.1321.jpg,0,156,95,85,85,0.0,1
Zavad_Zarif\1\1.1322.jpg,0,157,93,84,84,0.0,1
Zavad_Zarif\1\1.1323.jpg,0,156,93,84,84,0.0,1
Zavad_Zarif\1\1.1324.jpg,0,156,93,84,84,0.0,1
Zavad_Zarif\1\1.1325.jpg,0,157,94,84,84,0.0,1
Zavad_Zarif\1\1.1326.jpg,0,157,94,83,83,0.0,1
Zavad_Zarif\1\1.1327.jpg,0,157,94,83,83,0.0,1
Zavad_Zarif\1\1.1328.jpg,0,157,94,83,83,0.0,1
Zavad_Zarif\1\1.1329.jpg,0,157,94,83,83,0.0,1
Zavad_Zarif\1\1.1330.jpg,0,158,95,82,82,0.0,1
Zavad_Zarif\1\1.1331.jpg,0,155,94,85,85,0.0,1
Zavad_Zarif\1\1.1332.jpg,0,155,94,84,84,0.0,1
Zavad_Zarif\1\1.1333.jpg,0,152,94,86,86,0.0,1
Zavad_Zarif\1\1.1334.jpg,0,151,94,86,86,0.0,1
Zavad_Zarif\1\1.1335.jpg,0,151,95,86,86,0.0,1
Zavad_Zarif\1\1.1336.jpg,0,149,94,84,84,0.0,1
Zavad_Zarif\1\1.1337.jpg,0,149,94,84,84,0.0,1
Zavad_Zarif\1\1.1338.jpg,0,149,94,84,84,0.0,1
Zavad_Zarif\1\1.1339.jpg,0,148,93,83,83,0.0,1
Zavad_Zarif\1\1.1340.jpg,0,148,93,82,82,0.0,1
Zavad_Zarif\1\1.1341.jpg,0,146,93,83,83,0.0,1
Zavad_Zarif\1\1.1342.jpg,0,146,92,81,81,0.0,1
Zavad_Zarif\1\1.1343.jpg,0,147,93,82,82,0.0,1
Zavad_Zarif\1\1.1344.jpg,0,146,92,81,81,0.0,1
Zavad_Zarif\1\1.1345.jpg,0,147,93,82,82,0.0,1
Zavad_Zarif\1\1.1346.jpg,0,147,94,82,82,0.0,1
Zavad_Zarif\1\1.1347.jpg,0,147,93,82,82,0.0,1
Zavad_Zarif\1\1.1348.jpg,0,147,93,82,82,0.0,1
Zavad_Zarif\1\1.1349.jpg,0,147,93,82,82,0.0,1
Zavad_Zarif\1\1.1350.jpg,0,147,94,86,86,0.0,1
Zavad_Zarif\1\1.1351.jpg,0,147,94,86,86,0.0,1
Zavad_Zarif\1\1.1352.jpg,0,147,94,84,84,0.0,1
Zavad_Zarif\1\1.1353.jpg,0,147,94,84,84,0.0,1
Zavad_Zarif\1\1.1354.jpg,0,147,94,84,84,0.0,1
Zavad_Zarif\1\1.1355.jpg,0,147,94,85,85,0.0,1
Zavad_Zarif\1\1.1356.jpg,0,147,94,85,85,0.0,1
Zavad_Zarif\1\1.1357.jpg,0,147,94,84,84,0.0,1
Zavad_Zarif\1\1.1358.jpg,0,146,94,82,82,0.0,1
Zavad_Zarif\1\1.1359.jpg,0,146,94,82,82,0.0,1
Zavad_Zarif\1\1.1360.jpg,0,146,93,81,81,0.0,1
Zavad_Zarif\1\1.1361.jpg,0,146,93,81,81,0.0,1
Zavad_Zarif\1\1.1362.jpg,0,147,93,82,82,0.0,1
Zavad_Zarif\1\1.1363.jpg,0,147,93,82,82,0.0,1
Zavad_Zarif\1\1.1364.jpg,0,147,94,82,82,0.0,1
Zavad_Zarif\1\1.1365.jpg,0,146,94,84,84,0.0,1
Zavad_Zarif\1\1.1366.jpg,0,146,93,85,85,0.0,1
Zavad_Zarif\1\1.1367.jpg,0,146,93,84,84,0.0,1
Zavad_Zarif\1\1.1368.jpg,0,146,92,83,83,0.0,1
Zavad_Zarif\1\1.1369.jpg,0,146,92,83,83,0.0,1
Zavad_Zarif\1\1.1370.jpg,0,146,92,83,83,0.0,1
Zavad_Zarif\1\1.1371.jpg,0,147,93,84,84,0.0,1
Zavad_Zarif\1\1.1372.jpg,0,146,92,85,85,0.0,1
Zavad_Zarif\1\1.1373.jpg,0,146,93,87,87,0.0,1
Zavad_Zarif\1\1.1374.jpg,0,146,92,85,85,0.0,1
Zavad_Zarif\1\1.1375.jpg,0,146,92,85,85,0.0,1
Zavad_Zarif\1\1.1376.jpg,0,144,92,85,85,0.0,1
Zavad_Zarif\1\1.1377.jpg,0,144,92,85,85,0.0,1
Zavad_Zarif\1\1.1378.jpg,0,144,93,80,80,0.0,1
Zavad_Zarif\1\1.1379.jpg,0,143,93,81,81,0.0,1
Zavad_Zarif\1\1.1380.jpg,0,142,93,81,81,0.0,1
Zavad_Zarif\1\1.1381.jpg,0,142,93,81,81,0.0,1
Zavad_Zarif\1\1.1382.jpg,0,140,94,81,81,0.0,1
Zavad_Zarif\1\1.1383.jpg,0,141,94,81,81,0.0,1
Zavad_Zarif\1\1.1384.jpg,0,141,94,80,80,0.0,1
Zavad_Zarif\1\1.1385.jpg,0,141,94,80,80,0.0,1
Zavad_Zarif\1\1.1386.jpg,0,141,94,80,80,0.0,1
Zavad_Zarif\1\1.1387.jpg,0,140,93,79,79,0.0,1
Zavad_Zarif\1\1.1388.jpg,0,140,93,79,79,0.0,1
Zavad_Zarif\1\1.1389.jpg,0,140,94,81,81,0.0,1
Zavad_Zarif\1\1.1390.jpg,0,142,94,82,82,0.0,1
Zavad_Zarif\1\1.1391.jpg,0,140,94,78,78,0.0,1
Zavad_Zarif\1\1.1392.jpg,0,140,94,79,79,0.0,1
Zavad_Zarif\1\1.1393.jpg,0,140,93,79,79,0.0,1
Zavad_Zarif\1\1.1394.jpg,0,140,93,78,78,0.0,1
Zavad_Zarif\1\1.1395.jpg,0,140,93,79,79,0.0,1
Zavad_Zarif\1\1.1396.jpg,0,140,93,79,79,0.0,1
Zavad_Zarif\1\1.1397.jpg,0,140,93,78,78,0.0,1
Zavad_Zarif\1\1.1398.jpg,0,141,93,80,80,0.0,1
Zavad_Zarif\1\1.1399.jpg,0,141,93,80,80,0.0,1
Zavad_Zarif\1\1.1400.jpg,0,141,93,81,81,0.0,1
Zavad_Zarif\1\1.1401.jpg,0,141,93,81,81,0.0,1
Zavad_Zarif\1\1.1402.jpg,0,141,92,80,80,0.0,1
Zavad_Zarif\1\1.1403.jpg,0,142,91,84,84,0.0,1
Zavad_Zarif\1\1.1404.jpg,0,142,91,84,84,0.0,1
Zavad_Zarif\1\1.1405.jpg,0,143,89,80,80,0.0,1
Zavad_Zarif\1\1.1406.jpg,0,142,87,80,80,0.0,1
Zavad_Zarif\1\1.1407.jpg,0,143,87,80,80,0.0,1
Zavad_Zarif\1\1.1408.jpg,0,142,88,82,82,0.0,1
Zavad_Zarif\1\1.1409.jpg,0,142,88,82,82,0.0,1
Zavad_Zarif\1\1.1410.jpg,0,142,87,82,82,0.0,1
Zavad_Zarif\1\1.1411.jpg,0,142,88,80,80,0.0,1
Zavad_Zarif\1\1.1412.jpg,0,142,88,80,80,0.0,1
Zavad_Zarif\1\1.1413.jpg,0,141,89,80,80,0.0,1
Zavad_Zarif\1\1.1414.jpg,0,140,90,81,81,0.0,1
Zavad_Zarif\1\1.1415.jpg,0,140,90,81,81,0.0,1
Zavad_Zarif\1\1.1416.jpg,0,140,90,81,81,0.0,1
Zavad_Zarif\1\1.1417.jpg,0,141,91,83,83,0.0,1
Zavad_Zarif\1\1.1418.jpg,0,142,93,80,80,0.0,1
Zavad_Zarif\1\1.1419.jpg,0,141,93,80,80,0.0,1
Zavad_Zarif\1\1.1420.jpg,0,141,93,80,80,0.0,1
Zavad_Zarif\1\1.1421.jpg,0,141,93,80,80,0.0,1
Zavad_Zarif\1\1.1422.jpg,0,141,93,80,80,0.0,1
Zavad_Zarif\1\1.1423.jpg,0,141,93,80,80,0.0,1
Zavad_Zarif\1\1.1424.jpg,0,141,93,80,80,0.0,1
Zavad_Zarif\1\1.1425.jpg,0,141,94,80,80,0.0,1
Zavad_Zarif\1\1.1426.jpg,0,142,95,80,80,0.0,1
Zavad_Zarif\1\1.1427.jpg,0,141,99,76,76,0.0,1
Zavad_Zarif\1\1.1428.jpg,0,141,99,76,76,0.0,1
Zavad_Zarif\1\1.1429.jpg,0,140,103,74,74,0.0,1
Zavad_Zarif\1\1.1430.jpg,0,139,103,74,74,0.0,1
Zavad_Zarif\1\1.1431.jpg,0,139,104,75,75,0.0,1
Zavad_Zarif\1\1.1432.jpg,0,140,101,79,79,0.0,1
Zavad_Zarif\1\1.1433.jpg,0,140,101,79,79,0.0,1
Zavad_Zarif\1\1.1434.jpg,0,140,99,78,78,0.0,1
Zavad_Zarif\1\1.1435.jpg,0,138,98,77,77,0.0,1
Zavad_Zarif\1\1.1436.jpg,0,138,98,77,77,0.0,1
Zavad_Zarif\1\1.1437.jpg,0,139,100,76,76,0.0,1
Zavad_Zarif\1\1.1438.jpg,0,140,99,76,76,0.0,1
Zavad_Zarif\1\1.1439.jpg,0,140,99,76,76,0.0,1
Zavad_Zarif\1\1.1440.jpg,0,139,98,77,77,0.0,1
Zavad_Zarif\1\1.1441.jpg,0,140,98,78,78,0.0,1
Zavad_Zarif\1\1.1442.jpg,0,141,98,80,80,0.0,1
Zavad_Zarif\1\1.1443.jpg,0,140,98,82,82,0.0,1
Zavad_Zarif\1\1.1444.jpg,0,139,97,81,81,0.0,1
Zavad_Zarif\1\1.1445.jpg,0,140,97,80,80,0.0,1
Zavad_Zarif\1\1.1446.jpg,0,139,98,79,79,0.0,1
Zavad_Zarif\1\1.1447.jpg,0,140,98,79,79,0.0,1
Zavad_Zarif\1\1.1448.jpg,0,141,98,82,82,0.0,1
Zavad_Zarif\1\1.1449.jpg,0,141,98,82,82,0.0,1
Zavad_Zarif\1\1.1450.jpg,0,141,97,81,81,0.0,1
Zavad_Zarif\1\1.1451.jpg,0,141,97,80,80,0.0,1
Zavad_Zarif\1\1.1452.jpg,0,141,97,80,80,0.0,1
Zavad_Zarif\1\1.1453.jpg,0,141,97,81,81,0.0,1
Zavad_Zarif\1\1.1454.jpg,0,141,97,80,80,0.0,1
Zavad_Zarif\1\1.1455.jpg,0,141,98,80,80,0.0,1
Zavad_Zarif\1\1.1456.jpg,0,141,97,79,79,0.0,1
Zavad_Zarif\1\1.1457.jpg,0,141,97,78,78,0.0,1
Zavad_Zarif\1\1.1458.jpg,0,141,97,79,79,0.0,1
Zavad_Zarif\1\1.1459.jpg,0,142,97,77,77,0.0,1
Zavad_Zarif\1\1.1460.jpg,0,142,97,77,77,0.0,1
Zavad_Zarif\1\1.1461.jpg,0,142,96,77,77,0.0,1
Zavad_Zarif\1\1.1462.jpg,0,141,96,77,77,0.0,1
Zavad_Zarif\1\1.1463.jpg,0,141,96,77,77,0.0,1
Zavad_Zarif\1\1.1464.jpg,0,142,95,79,79,0.0,1
Zavad_Zarif\1\1.1465.jpg,0,142,95,79,79,0.0,1
Zavad_Zarif\1\1.1466.jpg,0,142,94,78,78,0.0,1
Zavad_Zarif\1\1.1467.jpg,0,142,94,79,79,0.0,1
Zavad_Zarif\1\1.1468.jpg,0,142,94,79,79,0.0,1
Zavad_Zarif\1\1.1469.jpg,0,143,95,82,82,0.0,1
Zavad_Zarif\1\1.1470.jpg,0,145,94,85,85,0.0,1
Zavad_Zarif\1\1.1471.jpg,0,145,94,85,85,0.0,1
Zavad_Zarif\1\1.1472.jpg,0,147,94,85,85,0.0,1
Zavad_Zarif\1\1.1473.jpg,0,148,94,86,86,0.0,1
Zavad_Zarif\1\1.1474.jpg,0,149,93,83,83,0.0,1
Zavad_Zarif\1\1.1475.jpg,0,151,93,85,85,0.0,1
Zavad_Zarif\1\1.1476.jpg,0,151,93,84,84,0.0,1
Zavad_Zarif\1\1.1477.jpg,0,151,93,85,85,0.0,1
Zavad_Zarif\1\1.1478.jpg,0,151,92,85,85,0.0,1
Zavad_Zarif\1\1.1479.jpg,0,151,92,85,85,0.0,1
Zavad_Zarif\1\1.1480.jpg,0,152,93,86,86,0.0,1
Zavad_Zarif\1\1.1481.jpg,0,152,93,86,86,0.0,1
Zavad_Zarif\1\1.1482.jpg,0,151,93,85,85,0.0,1
Zavad_Zarif\1\1.1483.jpg,0,151,92,83,83,0.0,1
Zavad_Zarif\1\1.1484.jpg,0,151,92,83,83,0.0,1
Zavad_Zarif\1\1.1485.jpg,0,151,92,83,83,0.0,1
Zavad_Zarif\1\1.1486.jpg,0,151,94,84,84,0.0,1
Zavad_Zarif\1\1.1487.jpg,0,151,94,84,84,0.0,1
Zavad_Zarif\1\1.1488.jpg,0,150,93,85,85,0.0,1
Zavad_Zarif\1\1.1489.jpg,0,150,93,85,85,0.0,1
Zavad_Zarif\1\1.1490.jpg,0,151,94,84,84,0.0,1
Zavad_Zarif\1\1.1491.jpg,0,150,93,85,85,0.0,1
Zavad_Zarif\1\1.1492.jpg,0,150,93,85,85,0.0,1
Zavad_Zarif\1\1.1493.jpg,0,150,94,84,84,0.0,1
Zavad_Zarif\1\1.1494.jpg,0,151,94,84,84,0.0,1
Zavad_Zarif\1\1.1495.jpg,0,151,94,83,83,0.0,1
Zavad_Zarif\1\1.1496.jpg,0,151,94,83,83,0.0,1
Zavad_Zarif\1\1.1497.jpg,0,151,94,84,84,0.0,1
Zavad_Zarif\1\1.1498.jpg,0,151,94,84,84,0.0,1
Zavad_Zarif\1\1.1499.jpg,0,150,94,85,85,0.0,1
Zavad_Zarif\1\1.1500.jpg,0,150,94,85,85,0.0,1
Zavad_Zarif\1\1.1501.jpg,0,150,94,85,85,0.0,1
Zavad_Zarif\1\1.1502.jpg,0,150,94,85,85,0.0,1
Zavad_Zarif\1\1.1503.jpg,0,150,94,85,85,0.0,1
Zavad_Zarif\1\1.1504.jpg,0,150,95,83,83,0.0,1
Zavad_Zarif\1\1.1505.jpg,0,150,95,83,83,0.0,1
Zavad_Zarif\1\1.1506.jpg,0,150,95,82,82,0.0,1
Zavad_Zarif\1\1.1507.jpg,0,150,94,84,84,0.0,1
Zavad_Zarif\1\1.1508.jpg,0,150,94,84,84,0.0,1
Zavad_Zarif\1\1.1509.jpg,0,149,92,84,84,0.0,1
Zavad_Zarif\1\1.1510.jpg,0,149,91,83,83,0.0,1
Zavad_Zarif\1\1.1511.jpg,0,149,93,84,84,0.0,1
Zavad_Zarif\1\1.1512.jpg,0,149,95,84,84,0.0,1
Zavad_Zarif\1\1.1513.jpg,0,149,95,84,84,0.0,1
Zavad_Zarif\1\1.1514.jpg,0,151,95,85,85,0.0,1
Zavad_Zarif\1\1.1515.jpg,0,152,94,86,86,0.0,1
Zavad_Zarif\1\1.1516.jpg,0,152,94,86,86,0.0,1
Zavad_Zarif\1\1.1517.jpg,0,150,94,82,82,0.0,1
Zavad_Zarif\1\1.1518.jpg,0,150,94,82,82,0.0,1
Zavad_Zarif\1\1.1519.jpg,0,148,93,81,81,0.0,1
Zavad_Zarif\1\1.1520.jpg,0,147,93,81,81,0.0,1
Zavad_Zarif\1\1.1521.jpg,0,147,92,81,81,0.0,1
Zavad_Zarif\1\1.1522.jpg,0,147,94,82,82,0.0,1
Zavad_Zarif\1\1.1523.jpg,0,147,95,82,82,0.0,1
Zavad_Zarif\1\1.1524.jpg,0,147,95,82,82,0.0,1
Zavad_Zarif\1\1.1525.jpg,0,147,95,82,82,0.0,1
Zavad_Zarif\1\1.1526.jpg,0,147,95,81,81,0.0,1
Zavad_Zarif\1\1.1527.jpg,0,148,96,81,81,0.0,1
Zavad_Zarif\1\1.1528.jpg,0,149,96,84,84,0.0,1
Zavad_Zarif\1\1.1529.jpg,0,149,95,82,82,0.0,1
Zavad_Zarif\1\1.1530.jpg,0,149,96,84,84,0.0,1
Zavad_Zarif\1\1.1531.jpg,0,148,95,81,81,0.0,1
Zavad_Zarif\1\1.1532.jpg,0,148,95,81,81,0.0,1
Zavad_Zarif\1\1.1533.jpg,0,148,94,81,81,0.0,1
Zavad_Zarif\1\1.1534.jpg,0,148,94,81,81,0.0,1
Zavad_Zarif\1\1.1535.jpg,0,147,94,80,80,0.0,1
Zavad_Zarif\1\1.1536.jpg,0,147,95,82,82,0.0,1
Zavad_Zarif\1\1.1537.jpg,0,147,95,82,82,0.0,1
Zavad_Zarif\1\1.1538.jpg,0,146,94,81,81,0.0,1
Zavad_Zarif\1\1.1539.jpg,0,146,94,81,81,0.0,1
Zavad_Zarif\1\1.1540.jpg,0,146,94,81,81,0.0,1
Zavad_Zarif\1\1.1541.jpg,0,146,95,82,82,0.0,1
Zavad_Zarif\1\1.1542.jpg,0,145,94,81,81,0.0,1
Zavad_Zarif\1\1.1543.jpg,0,146,95,82,82,0.0,1
Zavad_Zarif\1\1.1544.jpg,0,146,95,82,82,0.0,1
Zavad_Zarif\1\1.1545.jpg,0,145,94,81,81,0.0,1
Zavad_Zarif\1\1.1546.jpg,0,145,94,81,81,0.0,1
Zavad_Zarif\1\1.1547.jpg,0,145,94,81,81,0.0,1
Zavad_Zarif\1\1.1548.jpg,0,145,93,81,81,0.0,1
Zavad_Zarif\1\1.1549.jpg,0,145,94,80,80,0.0,1
Zavad_Zarif\1\1.1550.jpg,0,145,93,81,81,0.0,1
Zavad_Zarif\1\1.1551.jpg,0,146,94,84,84,0.0,1
Zavad_Zarif\1\1.1552.jpg,0,146,94,84,84,0.0,1
Zavad_Zarif\1\1.1553.jpg,0,146,94,84,84,0.0,1
Zavad_Zarif\1\1.1554.jpg,0,146,94,84,84,0.0,1
Zavad_Zarif\1\1.1555.jpg,0,145,93,83,83,0.0,1
Zavad_Zarif\1\1.1556.jpg,0,145,93,83,83,0.0,1
Zavad_Zarif\1\1.1557.jpg,0,146,94,84,84,0.0,1
Zavad_Zarif\1\1.1558.jpg,0,145,94,83,83,0.0,1
Zavad_Zarif\1\1.1559.jpg,0,146,93,83,83,0.0,1
Zavad_Zarif\1\1.1560.jpg,0,146,94,84,84,0.0,1
Zavad_Zarif\1\1.1561.jpg,0,146,94,84,84,0.0,1
Zavad_Zarif\1\1.1562.jpg,0,146,94,82,82,0.0,1
Zavad_Zarif\1\1.1563.jpg,0,145,93,83,83,0.0,1
Zavad_Zarif\1\1.1564.jpg,0,145,93,83,83,0.0,1
Zavad_Zarif\1\1.1565.jpg,0,145,93,83,83,0.0,1
Zavad_Zarif\1\1.1566.jpg,0,146,94,85,85,0.0,1
Zavad_Zarif\1\1.1567.jpg,0,146,95,84,84,0.0,1
Zavad_Zarif\1\1.1568.jpg,0,146,95,84,84,0.0,1
Zavad_Zarif\1\1.1569.jpg,0,146,95,82,82,0.0,1
Zavad_Zarif\1\1.1570.jpg,0,146,95,82,82,0.0,1
Zavad_Zarif\1\1.1571.jpg,0,146,95,86,86,0.0,1
Zavad_Zarif\1\1.1572.jpg,0,146,95,86,86,0.0,1
Zavad_Zarif\1\1.1573.jpg,0,146,96,84,84,0.0,1
Zavad_Zarif\1\1.1574.jpg,0,146,96,84,84,0.0,1
Zavad_Zarif\1\1.1575.jpg,0,146,96,82,82,0.0,1
Zavad_Zarif\1\1.1576.jpg,0,146,97,80,80,0.0,1
Zavad_Zarif\1\1.1577.jpg,0,146,97,80,80,0.0,1
Zavad_Zarif\1\1.1578.jpg,0,146,96,80,80,0.0,1
Zavad_Zarif\1\1.1579.jpg,0,147,96,80,80,0.0,1
Zavad_Zarif\1\1.1580.jpg,0,146,96,79,79,0.0,1
Zavad_Zarif\1\1.1581.jpg,0,146,96,79,79,0.0,1
Zavad_Zarif\1\1.1582.jpg,0,147,96,80,80,0.0,1
Zavad_Zarif\1\1.1583.jpg,0,146,96,79,79,0.0,1
Zavad_Zarif\1\1.1584.jpg,0,146,96,79,79,0.0,1
Zavad_Zarif\1\1.1585.jpg,0,146,97,81,81,0.0,1
Zavad_Zarif\1\1.1586.jpg,0,146,97,81,81,0.0,1
Zavad_Zarif\1\1.1587.jpg,0,146,99,80,80,0.0,1
Zavad_Zarif\1\1.1588.jpg,0,146,99,80,80,0.0,1
Zavad_Zarif\1\1.1589.jpg,0,146,100,80,80,0.0,1
Zavad_Zarif\1\1.1590.jpg,0,146,100,80,80,0.0,1
Zavad_Zarif\1\1.1591.jpg,0,146,100,80,80,0.0,1
Zavad_Zarif\1\1.1592.jpg,0,146,100,80,80,0.0,1
Zavad_Zarif\1\1.1593.jpg,0,146,100,80,80,0.0,1
Zavad_Zarif\1\1.1594.jpg,0,145,99,79,79,0.0,1
Zavad_Zarif\1\1.1595.jpg,0,146,100,80,80,0.0,1
Zavad_Zarif\1\1.1596.jpg,0,145,101,79,79,0.0,1
Zavad_Zarif\1\1.1597.jpg,0,145,101,79,79,0.0,1
Zavad_Zarif\1\1.1598.jpg,0,146,101,80,80,0.0,1
Zavad_Zarif\1\1.1599.jpg,0,146,102,78,78,0.0,1
Zavad_Zarif\1\1.1600.jpg,0,146,104,78,78,0.0,1
Zavad_Zarif\1\1.1601.jpg,0,145,106,76,76,0.0,1
Zavad_Zarif\1\1.1602.jpg,0,145,106,76,76,0.0,1
Zavad_Zarif\1\1.1603.jpg,0,144,108,75,75,0.0,1
Zavad_Zarif\1\1.1604.jpg,0,144,111,74,74,0.0,1
Zavad_Zarif\1\1.1605.jpg,0,143,110,75,75,0.0,1
Zavad_Zarif\1\1.1606.jpg,0,143,113,74,74,0.0,1
Zavad_Zarif\1\1.1607.jpg,0,143,114,74,74,0.0,1
Zavad_Zarif\1\1.1608.jpg,0,142,113,73,73,0.0,1
Zavad_Zarif\1\1.1609.jpg,0,142,114,71,71,0.0,1
Zavad_Zarif\1\1.1610.jpg,0,143,115,72,72,0.0,1
Zavad_Zarif\1\1.1611.jpg,0,144,117,72,72,0.0,1
Zavad_Zarif\1\1.1612.jpg,0,144,117,72,72,0.0,1
Zavad_Zarif\1\1.1613.jpg,0,143,119,74,74,0.0,1
Zavad_Zarif\1\1.1614.jpg,0,143,119,74,74,0.0,1
Zavad_Zarif\1\1.1615.jpg,0,143,118,73,73,0.0,1
Zavad_Zarif\1\1.1616.jpg,0,143,118,72,72,0.0,1
Zavad_Zarif\1\1.1617.jpg,0,143,118,72,72,0.0,1
Zavad_Zarif\1\1.1618.jpg,0,141,117,73,73,0.0,1
Zavad_Zarif\1\1.1619.jpg,0,141,115,73,73,0.0,1
Zavad_Zarif\1\1.1620.jpg,0,141,115,73,73,0.0,1
Zavad_Zarif\1\1.1621.jpg,0,144,112,76,76,0.0,1
Zavad_Zarif\1\1.1622.jpg,0,144,111,77,77,0.0,1
Zavad_Zarif\1\1.1623.jpg,0,146,107,81,81,0.0,1
Zavad_Zarif\1\1.1624.jpg,0,148,104,81,81,0.0,1
Zavad_Zarif\1\1.1625.jpg,0,148,104,81,81,0.0,1
Zavad_Zarif\1\1.1626.jpg,0,150,102,80,80,0.0,1
Zavad_Zarif\1\1.1627.jpg,0,151,98,83,83,0.0,1
Zavad_Zarif\1\1.1628.jpg,0,151,98,83,83,0.0,1
Zavad_Zarif\1\1.1629.jpg,0,152,96,81,81,0.0,1
Zavad_Zarif\1\1.1630.jpg,0,152,96,80,80,0.0,1
Zavad_Zarif\1\1.1631.jpg,0,153,94,85,85,0.0,1
Zavad_Zarif\1\1.1632.jpg,0,154,92,83,83,0.0,1
Zavad_Zarif\1\1.1633.jpg,0,155,91,83,83,0.0,1
Zavad_Zarif\1\1.1634.jpg,0,155,91,83,83,0.0,1
Zavad_Zarif\1\1.1635.jpg,0,156,91,84,84,0.0,1
Zavad_Zarif\1\1.1636.jpg,0,157,91,84,84,0.0,1
Zavad_Zarif\1\1.1637.jpg,0,157,91,85,85,0.0,1
Zavad_Zarif\1\1.1638.jpg,0,157,91,87,87,0.0,1
Zavad_Zarif\1\1.1639.jpg,0,157,91,84,84,0.0,1
Zavad_Zarif\1\1.1640.jpg,0,157,91,85,85,0.0,1
Zavad_Zarif\1\1.1641.jpg,0,157,91,88,88,0.0,1
Zavad_Zarif\1\1.1642.jpg,0,157,91,88,88,0.0,1
Zavad_Zarif\1\1.1643.jpg,0,156,91,87,87,0.0,1
Zavad_Zarif\1\1.1644.jpg,0,157,92,90,90,0.0,1
Zavad_Zarif\1\1.1645.jpg,0,157,92,90,90,0.0,1
Zavad_Zarif\1\1.1646.jpg,0,156,91,89,89,0.0,1
Zavad_Zarif\1\1.1647.jpg,0,156,92,88,88,0.0,1
Zavad_Zarif\1\1.1648.jpg,0,156,92,88,88,0.0,1
Zavad_Zarif\1\1.1649.jpg,0,154,90,85,85,0.0,1
Zavad_Zarif\1\1.1650.jpg,0,154,90,85,85,0.0,1
Zavad_Zarif\1\1.1651.jpg,0,154,91,87,87,0.0,1
Zavad_Zarif\1\1.1652.jpg,0,154,91,87,87,0.0,1
Zavad_Zarif\1\1.1653.jpg,0,155,91,88,88,0.0,1
Zavad_Zarif\1\1.1654.jpg,0,155,91,88,88,0.0,1
Zavad_Zarif\1\1.1655.jpg,0,154,90,87,87,0.0,1
Zavad_Zarif\1\1.1656.jpg,0,154,90,87,87,0.0,1
Zavad_Zarif\1\1.1657.jpg,0,154,90,87,87,0.0,1
Zavad_Zarif\1\1.1658.jpg,0,155,91,88,88,0.0,1
Zavad_Zarif\1\1.1659.jpg,0,154,90,87,87,0.0,1
Zavad_Zarif\1\1.1660.jpg,0,154,90,87,87,0.0,1
Zavad_Zarif\1\1.1661.jpg,0,154,90,85,85,0.0,1
Zavad_Zarif\1\1.1662.jpg,0,154,90,85,85,0.0,1
Zavad_Zarif\1\1.1663.jpg,0,153,90,85,85,0.0,1
Zavad_Zarif\1\1.1664.jpg,0,153,90,87,87,0.0,1
Zavad_Zarif\1\1.1665.jpg,0,153,90,87,87,0.0,1
Zavad_Zarif\1\1.1666.jpg,0,152,90,85,85,0.0,1
Zavad_Zarif\1\1.1667.jpg,0,151,90,85,85,0.0,1
Zavad_Zarif\1\1.1668.jpg,0,152,90,85,85,0.0,1
Zavad_Zarif\1\1.1669.jpg,0,151,90,87,87,0.0,1
Zavad_Zarif\1\1.1670.jpg,0,151,90,87,87,0.0,1
Zavad_Zarif\1\1.1671.jpg,0,152,90,90,90,0.0,1
Zavad_Zarif\1\1.1672.jpg,0,152,90,90,90,0.0,1
Zavad_Zarif\1\1.1673.jpg,0,152,90,89,89,0.0,1
Zavad_Zarif\1\1.1674.jpg,0,152,90,89,89,0.0,1
Zavad_Zarif\1\1.1675.jpg,0,151,90,87,87,0.0,1
Zavad_Zarif\1\1.1676.jpg,0,151,90,87,87,0.0,1
Zavad_Zarif\1\1.1677.jpg,0,152,90,85,85,0.0,1
Zavad_Zarif\1\1.1678.jpg,0,152,90,85,85,0.0,1
Zavad_Zarif\1\1.1679.jpg,0,151,90,83,83,0.0,1
Zavad_Zarif\1\1.1680.jpg,0,151,91,84,84,0.0,1
Zavad_Zarif\1\1.1681.jpg,0,151,90,85,85,0.0,1
Zavad_Zarif\1\1.1682.jpg,0,150,93,87,87,0.0,1
Zavad_Zarif\1\1.1683.jpg,0,149,95,87,87,0.0,1
Zavad_Zarif\1\1.1684.jpg,0,149,95,86,86,0.0,1
Zavad_Zarif\1\1.1685.jpg,0,148,96,82,82,0.0,1
Zavad_Zarif\1\1.1686.jpg,0,148,96,82,82,0.0,1
Zavad_Zarif\1\1.1687.jpg,0,146,95,83,83,0.0,1
Zavad_Zarif\1\1.1688.jpg,0,146,95,83,83,0.0,1
Zavad_Zarif\1\1.1689.jpg,0,146,96,84,84,0.0,1
Zavad_Zarif\1\1.1690.jpg,0,146,96,84,84,0.0,1
Zavad_Zarif\1\1.1691.jpg,0,145,96,81,81,0.0,1
Zavad_Zarif\1\1.1692.jpg,0,145,96,81,81,0.0,1
Zavad_Zarif\1\1.1693.jpg,0,145,97,85,85,0.0,1
Zavad_Zarif\1\1.1694.jpg,0,142,100,81,81,0.0,1
Zavad_Zarif\1\1.1695.jpg,0,140,102,83,83,0.0,1
Zavad_Zarif\1\1.1696.jpg,0,140,102,84,84,0.0,1
Zavad_Zarif\1\1.1697.jpg,0,138,102,85,85,0.0,1
Zavad_Zarif\1\1.1698.jpg,0,138,102,85,85,0.0,1
Zavad_Zarif\1\1.1699.jpg,0,138,102,80,80,0.0,1
Zavad_Zarif\1\1.1700.jpg,0,137,102,81,81,0.0,1
Zavad_Zarif\1\1.1701.jpg,0,137,102,82,82,0.0,1
Zavad_Zarif\1\1.1702.jpg,0,136,102,83,83,0.0,1
Zavad_Zarif\1\1.1703.jpg,0,136,102,77,77,0.0,1
Zavad_Zarif\1\1.1704.jpg,0,136,102,77,77,0.0,1
Zavad_Zarif\1\1.1705.jpg,0,136,102,77,77,0.0,1
Zavad_Zarif\1\1.1706.jpg,0,137,101,79,79,0.0,1
Zavad_Zarif\1\1.1707.jpg,0,136,100,79,79,0.0,1
Zavad_Zarif\1\1.1708.jpg,0,138,101,82,82,0.0,1
Zavad_Zarif\1\1.1709.jpg,0,139,102,82,82,0.0,1
Zavad_Zarif\1\1.1710.jpg,0,139,102,82,82,0.0,1
Zavad_Zarif\1\1.1711.jpg,0,139,101,82,82,0.0,1
Zavad_Zarif\1\1.1712.jpg,0,139,101,79,79,0.0,1
Zavad_Zarif\1\1.1713.jpg,0,139,101,79,79,0.0,1
Zavad_Zarif\1\1.1714.jpg,0,139,101,78,78,0.0,1
Zavad_Zarif\1\1.1715.jpg,0,139,101,78,78,0.0,1
Zavad_Zarif\1\1.1716.jpg,0,139,100,80,80,0.0,1
Zavad_Zarif\1\1.1717.jpg,0,141,99,83,83,0.0,1
Zavad_Zarif\1\1.1718.jpg,0,141,99,82,82,0.0,1
Zavad_Zarif\1\1.1719.jpg,0,141,100,82,82,0.0,1
Zavad_Zarif\1\1.1720.jpg,0,141,99,79,79,0.0,1
Zavad_Zarif\1\1.1721.jpg,0,141,99,79,79,0.0,1
Zavad_Zarif\1\1.1722.jpg,0,141,99,80,80,0.0,1
Zavad_Zarif\1\1.1723.jpg,0,141,99,80,80,0.0,1
Zavad_Zarif\1\1.1724.jpg,0,142,98,83,83,0.0,1
Zavad_Zarif\1\1.1725.jpg,0,141,98,82,82,0.0,1
Zavad_Zarif\1\1.1726.jpg,0,141,97,81,81,0.0,1
Zavad_Zarif\1\1.1727.jpg,0,142,98,84,84,0.0,1
Zavad_Zarif\1\1.1728.jpg,0,142,98,84,84,0.0,1
Zavad_Zarif\1\1.1729.jpg,0,144,98,86,86,0.0,1
Zavad_Zarif\1\1.1730.jpg,0,143,98,89,89,0.0,1
Zavad_Zarif\1\1.1731.jpg,0,143,97,85,85,0.0,1
Zavad_Zarif\1\1.1732.jpg,0,144,98,86,86,0.0,1
Zavad_Zarif\1\1.1733.jpg,0,144,97,85,85,0.0,1
Zavad_Zarif\1\1.1734.jpg,0,144,97,85,85,0.0,1
Zavad_Zarif\1\1.1735.jpg,0,144,98,84,84,0.0,1
Zavad_Zarif\1\1.1736.jpg,0,145,98,84,84,0.0,1
Zavad_Zarif\1\1.1737.jpg,0,144,96,83,83,0.0,1
Zavad_Zarif\1\1.1738.jpg,0,145,97,82,82,0.0,1
Zavad_Zarif\1\1.1739.jpg,0,145,97,82,82,0.0,1
Zavad_Zarif\1\1.1740.jpg,0,146,97,84,84,0.0,1
Zavad_Zarif\1\1.1741.jpg,0,145,97,83,83,0.0,1
Zavad_Zarif\1\1.1742.jpg,0,146,97,82,82,0.0,1
Zavad_Zarif\1\1.1743.jpg,0,146,97,85,85,0.0,1
Zavad_Zarif\1\1.1744.jpg,0,146,96,83,83,0.0,1
Zavad_Zarif\1\1.1745.jpg,0,146,96,83,83,0.0,1
Zavad_Zarif\1\1.1746.jpg,0,146,96,81,81,0.0,1
Zavad_Zarif\1\1.1747.jpg,0,146,96,81,81,0.0,1
Zavad_Zarif\1\1.1748.jpg,0,146,96,81,81,0.0,1
Zavad_Zarif\1\1.1749.jpg,0,146,96,84,84,0.0,1
Zavad_Zarif\1\1.1750.jpg,0,146,96,85,85,0.0,1
Zavad_Zarif\1\1.1751.jpg,0,146,96,83,83,0.0,1
Zavad_Zarif\1\1.1752.jpg,0,145,95,83,83,0.0,1
Zavad_Zarif\1\1.1753.jpg,0,145,95,83,83,0.0,1
Zavad_Zarif\1\1.1754.jpg,0,146,95,83,83,0.0,1
Zavad_Zarif\1\1.1755.jpg,0,146,95,83,83,0.0,1
Zavad_Zarif\1\1.1756.jpg,0,146,95,83,83,0.0,1
Zavad_Zarif\1\1.1757.jpg,0,146,95,83,83,0.0,1
Zavad_Zarif\1\1.1758.jpg,0,146,95,83,83,0.0,1
Zavad_Zarif\1\1.1759.jpg,0,147,95,84,84,0.0,1
Zavad_Zarif\1\1.1760.jpg,0,147,94,84,84,0.0,1
Zavad_Zarif\1\1.1761.jpg,0,146,93,83,83,0.0,1
Zavad_Zarif\1\1.1762.jpg,0,147,94,84,84,0.0,1
Zavad_Zarif\1\1.1763.jpg,0,147,94,85,85,0.0,1
Zavad_Zarif\1\1.1764.jpg,0,146,94,85,85,0.0,1
Zavad_Zarif\1\1.1765.jpg,0,146,94,85,85,0.0,1
Zavad_Zarif\1\1.1766.jpg,0,147,94,84,84,0.0,1
Zavad_Zarif\1\1.1767.jpg,0,146,94,86,86,0.0,1
Zavad_Zarif\1\1.1768.jpg,0,146,92,85,85,0.0,1
Zavad_Zarif\1\1.1769.jpg,0,147,93,81,81,0.0,1
Zavad_Zarif\1\1.1770.jpg,0,147,93,82,82,0.0,1
Zavad_Zarif\1\1.1771.jpg,0,147,93,82,82,0.0,1
Zavad_Zarif\1\1.1772.jpg,0,148,94,82,82,0.0,1
Zavad_Zarif\1\1.1773.jpg,0,147,99,81,81,0.0,1
Zavad_Zarif\1\1.1774.jpg,0,147,99,81,81,0.0,1
Zavad_Zarif\1\1.1775.jpg,0,148,103,82,82,0.0,1
Zavad_Zarif\1\1.1776.jpg,0,146,103,81,81,0.0,1
Zavad_Zarif\1\1.1777.jpg,0,146,103,81,81,0.0,1
Zavad_Zarif\1\1.1778.jpg,0,147,104,81,81,0.0,1
Zavad_Zarif\1\1.1779.jpg,0,147,104,81,81,0.0,1
Zavad_Zarif\1\1.1780.jpg,0,147,104,79,79,0.0,1
Zavad_Zarif\1\1.1781.jpg,0,148,103,81,81,0.0,1
Zavad_Zarif\1\1.1782.jpg,0,148,103,82,82,0.0,1
Zavad_Zarif\1\1.1783.jpg,0,147,103,83,83,0.0,1
Zavad_Zarif\1\1.1784.jpg,0,147,103,81,81,0.0,1
Zavad_Zarif\1\1.1785.jpg,0,147,103,81,81,0.0,1
Zavad_Zarif\1\1.1786.jpg,0,148,104,80,80,0.0,1
Zavad_Zarif\1\1.1787.jpg,0,148,104,80,80,0.0,1
Zavad_Zarif\1\1.1788.jpg,0,147,103,79,79,0.0,1
Zavad_Zarif\1\1.1789.jpg,0,148,103,80,80,0.0,1
Zavad_Zarif\1\1.1790.jpg,0,148,104,80,80,0.0,1
Zavad_Zarif\1\1.1791.jpg,0,148,103,82,82,0.0,1
Zavad_Zarif\1\1.1792.jpg,0,148,104,78,78,0.0,1
Zavad_Zarif\1\1.1793.jpg,0,148,104,78,78,0.0,1
Zavad_Zarif\1\1.1794.jpg,0,147,102,79,79,0.0,1
Zavad_Zarif\1\1.1795.jpg,0,147,102,79,79,0.0,1
Zavad_Zarif\1\1.1796.jpg,0,148,100,79,79,0.0,1
Zavad_Zarif\1\1.1797.jpg,0,148,100,80,80,0.0,1
Zavad_Zarif\1\1.1798.jpg,0,148,99,81,81,0.0,1
Zavad_Zarif\1\1.1799.jpg,0,148,97,83,83,0.0,1
Zavad_Zarif\1\1.1800.jpg,0,150,96,83,83,0.0,1
Zavad_Zarif\1\1.1801.jpg,0,150,97,84,84,0.0,1
Zavad_Zarif\1\1.1802.jpg,0,152,97,82,82,0.0,1
Zavad_Zarif\1\1.1803.jpg,0,151,96,81,81,0.0,1
Zavad_Zarif\1\1.1804.jpg,0,153,96,85,85,0.0,1
Zavad_Zarif\1\1.1805.jpg,0,153,95,85,85,0.0,1
Zavad_Zarif\1\1.1806.jpg,0,153,95,85,85,0.0,1
Zavad_Zarif\1\1.1807.jpg,0,155,95,83,83,0.0,1
Zavad_Zarif\1\1.1808.jpg,0,156,94,87,87,0.0,1
Zavad_Zarif\1\1.1809.jpg,0,156,94,87,87,0.0,1
Zavad_Zarif\1\1.1810.jpg,0,157,94,87,87,0.0,1
Zavad_Zarif\1\1.1811.jpg,0,157,94,87,87,0.0,1
Zavad_Zarif\1\1.1812.jpg,0,157,94,85,85,0.0,1
Zavad_Zarif\1\1.1813.jpg,0,158,95,86,86,0.0,1
Zavad_Zarif\1\1.1814.jpg,0,157,94,87,87,0.0,1
Zavad_Zarif\1\1.1815.jpg,0,157,94,86,86,0.0,1
Zavad_Zarif\1\1.1816.jpg,0,157,94,87,87,0.0,1
Zavad_Zarif\1\1.1817.jpg,0,157,94,87,87,0.0,1
Zavad_Zarif\1\1.1818.jpg,0,157,94,87,87,0.0,1
Zavad_Zarif\1\1.1819.jpg,0,157,94,87,87,0.0,1
Zavad_Zarif\1\1.1820.jpg,0,157,94,87,87,0.0,1
Zavad_Zarif\1\1.1821.jpg,0,157,94,89,89,0.0,1
Zavad_Zarif\1\1.1822.jpg,0,157,95,90,90,0.0,1
Zavad_Zarif\1\1.1823.jpg,0,157,95,90,90,0.0,1
Zavad_Zarif\1\1.1824.jpg,0,156,94,88,88,0.0,1
Zavad_Zarif\1\1.1825.jpg,0,156,94,88,88,0.0,1
Zavad_Zarif\1\1.1826.jpg,0,155,93,88,88,0.0,1
Zavad_Zarif\1\1.1827.jpg,0,155,93,89,89,0.0,1
Zavad_Zarif\1\1.1828.jpg,0,154,92,88,88,0.0,1
Zavad_Zarif\1\1.1829.jpg,0,154,91,85,85,0.0,1
Zavad_Zarif\1\1.1830.jpg,0,154,91,85,85,0.0,1
Zavad_Zarif\1\1.1831.jpg,0,154,92,85,85,0.0,1
Zavad_Zarif\1\1.1832.jpg,0,154,92,84,84,0.0,1
Zavad_Zarif\1\1.1833.jpg,0,154,92,84,84,0.0,1
Zavad_Zarif\1\1.1834.jpg,0,153,92,82,82,0.0,1
Zavad_Zarif\1\1.1835.jpg,0,153,92,82,82,0.0,1
Zavad_Zarif\1\1.1836.jpg,0,154,92,84,84,0.0,1
Zavad_Zarif\1\1.1837.jpg,0,153,92,84,84,0.0,1
Zavad_Zarif\1\1.1838.jpg,0,152,92,83,83,0.0,1
Zavad_Zarif\1\1.1839.jpg,0,152,91,85,85,0.0,1
Zavad_Zarif\1\1.1840.jpg,0,151,91,83,83,0.0,1
Zavad_Zarif\1\1.1841.jpg,0,151,91,83,83,0.0,1
Zavad_Zarif\1\1.1842.jpg,0,151,91,82,82,0.0,1
Zavad_Zarif\1\1.1843.jpg,0,151,91,83,83,0.0,1
Zavad_Zarif\1\1.1844.jpg,0,151,91,86,86,0.0,1
Zavad_Zarif\1\1.1845.jpg,0,150,92,89,89,0.0,1
Zavad_Zarif\1\1.1846.jpg,0,150,92,89,89,0.0,1
Zavad_Zarif\1\1.1847.jpg,0,150,91,85,85,0.0,1
Zavad_Zarif\1\1.1848.jpg,0,150,91,84,84,0.0,1
Zavad_Zarif\1\1.1849.jpg,0,150,91,84,84,0.0,1
Zavad_Zarif\1\1.1850.jpg,0,149,90,84,84,0.0,1
Zavad_Zarif\1\1.1851.jpg,0,148,90,83,83,0.0,1
Zavad_Zarif\1\1.1852.jpg,0,147,89,83,83,0.0,1
Zavad_Zarif\1\1.1853.jpg,0,147,89,82,82,0.0,1
Zavad_Zarif\1\1.1854.jpg,0,147,89,82,82,0.0,1
Zavad_Zarif\1\1.1855.jpg,0,147,87,83,83,0.0,1
Zavad_Zarif\1\1.1856.jpg,0,147,87,83,83,0.0,1
Zavad_Zarif\1\1.1857.jpg,0,147,87,82,82,0.0,1
Zavad_Zarif\1\1.1858.jpg,0,147,87,83,83,0.0,1
Zavad_Zarif\1\1.1859.jpg,0,147,87,83,83,0.0,1
Zavad_Zarif\1\1.1860.jpg,0,147,88,85,85,0.0,1
Zavad_Zarif\1\1.1861.jpg,0,148,88,86,86,0.0,1
Zavad_Zarif\1\1.1862.jpg,0,148,87,87,87,0.0,1
Zavad_Zarif\1\1.1863.jpg,0,148,89,86,86,0.0,1
Zavad_Zarif\1\1.1864.jpg,0,147,90,85,85,0.0,1
Zavad_Zarif\1\1.1865.jpg,0,148,91,86,86,0.0,1
Zavad_Zarif\1\1.1866.jpg,0,148,90,84,84,0.0,1
Zavad_Zarif\1\1.1867.jpg,0,148,90,84,84,0.0,1
Zavad_Zarif\1\1.1868.jpg,0,148,91,88,88,0.0,1
Zavad_Zarif\1\1.1869.jpg,0,148,90,86,86,0.0,1
Zavad_Zarif\1\1.1870.jpg,0,147,90,87,87,0.0,1
Zavad_Zarif\1\1.1871.jpg,0,147,90,85,85,0.0,1
Zavad_Zarif\1\1.1872.jpg,0,146,88,83,83,0.0,1
Zavad_Zarif\1\1.1873.jpg,0,147,89,82,82,0.0,1
