Zhang_Yimou\0\0.533.jpg,0,120,95,80,80,0.0,1
Zhang_Yimou\0\0.534.jpg,0,122,95,79,79,0.0,1
Zhang_Yimou\0\0.535.jpg,0,122,95,79,79,0.0,1
Zhang_Yimou\0\0.536.jpg,0,122,95,79,79,0.0,1
Zhang_Yimou\0\0.537.jpg,0,122,95,79,79,0.0,1
Zhang_Yimou\0\0.538.jpg,0,120,94,87,87,0.0,1
Zhang_Yimou\0\0.539.jpg,0,120,94,86,86,0.0,1
Zhang_Yimou\0\0.540.jpg,0,121,96,80,80,0.0,1
Zhang_Yimou\0\0.541.jpg,0,120,96,83,83,0.0,1
Zhang_Yimou\0\0.542.jpg,0,121,97,83,83,0.0,1
Zhang_Yimou\0\0.543.jpg,0,120,97,80,80,0.0,1
Zhang_Yimou\0\0.544.jpg,0,120,96,83,83,0.0,1
Zhang_Yimou\0\0.545.jpg,0,119,96,83,83,0.0,1
Zhang_Yimou\0\0.546.jpg,0,119,96,83,83,0.0,1
Zhang_Yimou\0\0.547.jpg,0,120,96,83,83,0.0,1
Zhang_Yimou\0\0.548.jpg,0,120,96,83,83,0.0,1
Zhang_Yimou\0\0.549.jpg,0,120,95,87,87,0.0,1
Zhang_Yimou\0\0.550.jpg,0,119,96,88,88,0.0,1
Zhang_Yimou\0\0.551.jpg,0,119,96,88,88,0.0,1
Zhang_Yimou\0\0.552.jpg,0,119,96,83,83,0.0,1
Zhang_Yimou\0\0.553.jpg,0,120,96,87,87,0.0,1
Zhang_Yimou\0\0.554.jpg,0,120,95,85,85,0.0,1
Zhang_Yimou\0\0.555.jpg,0,121,96,89,89,0.0,1
Zhang_Yimou\0\0.556.jpg,0,120,96,83,83,0.0,1
Zhang_Yimou\0\0.557.jpg,0,122,96,86,86,0.0,1
Zhang_Yimou\0\0.558.jpg,0,120,96,87,87,0.0,1
Zhang_Yimou\0\0.559.jpg,0,121,96,85,85,0.0,1
Zhang_Yimou\0\0.560.jpg,0,120,95,85,85,0.0,1
Zhang_Yimou\0\0.561.jpg,0,121,96,81,81,0.0,1
Zhang_Yimou\0\0.562.jpg,0,121,96,84,84,0.0,1
Zhang_Yimou\0\0.563.jpg,0,120,95,87,87,0.0,1
Zhang_Yimou\0\0.564.jpg,0,120,96,86,86,0.0,1
Zhang_Yimou\0\0.565.jpg,0,120,96,88,88,0.0,1
Zhang_Yimou\0\0.566.jpg,0,118,95,89,89,0.0,1
Zhang_Yimou\0\0.567.jpg,0,117,95,88,88,0.0,1
Zhang_Yimou\0\0.568.jpg,0,112,94,85,85,0.0,1
Zhang_Yimou\0\0.569.jpg,0,116,95,86,86,0.0,1
Zhang_Yimou\0\0.570.jpg,0,114,93,81,81,0.0,1
Zhang_Yimou\0\0.571.jpg,0,114,93,81,81,0.0,1
Zhang_Yimou\0\0.572.jpg,0,114,93,81,81,0.0,1
Zhang_Yimou\0\0.573.jpg,0,112,94,79,79,0.0,1
Zhang_Yimou\0\0.574.jpg,0,113,94,79,79,0.0,1
Zhang_Yimou\0\0.575.jpg,0,114,94,78,78,0.0,1
Zhang_Yimou\0\0.576.jpg,0,114,95,83,83,0.0,1
Zhang_Yimou\0\0.577.jpg,0,114,94,79,79,0.0,1
Zhang_Yimou\0\0.578.jpg,0,116,96,82,82,0.0,1
Zhang_Yimou\0\0.579.jpg,0,120,95,84,84,0.0,1
Zhang_Yimou\0\0.580.jpg,0,119,97,83,83,0.0,1
Zhang_Yimou\0\0.581.jpg,0,119,97,84,84,0.0,1
Zhang_Yimou\0\0.582.jpg,0,121,97,82,82,0.0,1
Zhang_Yimou\0\0.583.jpg,0,121,96,85,85,0.0,1
Zhang_Yimou\0\0.584.jpg,0,120,96,83,83,0.0,1
Zhang_Yimou\0\0.585.jpg,0,121,97,82,82,0.0,1
Zhang_Yimou\0\0.586.jpg,0,121,98,90,90,0.0,1
Zhang_Yimou\0\0.587.jpg,0,123,98,78,78,0.0,1
Zhang_Yimou\0\0.588.jpg,0,122,98,85,85,0.0,1
Zhang_Yimou\0\0.589.jpg,0,123,98,83,83,0.0,1
Zhang_Yimou\0\0.590.jpg,0,125,102,86,86,0.0,1
Zhang_Yimou\0\0.591.jpg,0,124,101,87,87,0.0,1
Zhang_Yimou\0\0.592.jpg,0,125,101,85,85,0.0,1
Zhang_Yimou\0\0.593.jpg,0,125,100,80,80,0.0,1
Zhang_Yimou\0\0.594.jpg,0,126,100,86,86,0.0,1
Zhang_Yimou\0\0.595.jpg,0,126,100,86,86,0.0,1
Zhang_Yimou\0\0.596.jpg,0,126,100,84,84,0.0,1
Zhang_Yimou\0\0.597.jpg,0,127,99,80,80,0.0,1
Zhang_Yimou\0\0.598.jpg,0,125,98,82,82,0.0,1
Zhang_Yimou\0\0.599.jpg,0,127,97,82,82,0.0,1
Zhang_Yimou\0\0.600.jpg,0,127,97,84,84,0.0,1
Zhang_Yimou\0\0.601.jpg,0,128,97,84,84,0.0,1
Zhang_Yimou\0\0.602.jpg,0,129,96,81,81,0.0,1
Zhang_Yimou\0\0.603.jpg,0,130,97,80,80,0.0,1
Zhang_Yimou\0\0.604.jpg,0,128,96,83,83,0.0,1
Zhang_Yimou\0\0.605.jpg,0,129,97,80,80,0.0,1
Zhang_Yimou\0\0.606.jpg,0,132,96,79,79,0.0,1
Zhang_Yimou\0\0.607.jpg,0,132,96,79,79,0.0,1
Zhang_Yimou\0\0.608.jpg,0,132,96,82,82,0.0,1
Zhang_Yimou\0\0.609.jpg,0,133,96,80,80,0.0,1
Zhang_Yimou\0\0.610.jpg,0,131,97,83,83,0.0,1
Zhang_Yimou\0\0.611.jpg,0,132,97,78,78,0.0,1
Zhang_Yimou\0\0.612.jpg,0,133,97,76,76,0.0,1
Zhang_Yimou\0\0.613.jpg,0,132,97,77,77,0.0,1
Zhang_Yimou\0\0.614.jpg,0,134,97,79,79,0.0,1
Zhang_Yimou\0\0.615.jpg,0,133,98,80,80,0.0,1
Zhang_Yimou\0\0.616.jpg,0,135,96,80,80,0.0,1
Zhang_Yimou\0\0.617.jpg,0,134,97,80,80,0.0,1
Zhang_Yimou\0\0.618.jpg,0,133,97,81,81,0.0,1
Zhang_Yimou\0\0.619.jpg,0,133,97,81,81,0.0,1
Zhang_Yimou\0\0.620.jpg,0,133,97,81,81,0.0,1
Zhang_Yimou\0\0.621.jpg,0,133,97,81,81,0.0,1
Zhang_Yimou\0\0.622.jpg,0,133,97,81,81,0.0,1
Zhang_Yimou\0\0.623.jpg,0,134,97,79,79,0.0,1
Zhang_Yimou\0\0.624.jpg,0,134,97,80,80,0.0,1
Zhang_Yimou\0\0.625.jpg,0,134,97,81,81,0.0,1
Zhang_Yimou\0\0.626.jpg,0,133,97,81,81,0.0,1
Zhang_Yimou\0\0.627.jpg,0,133,97,79,79,0.0,1
Zhang_Yimou\0\0.628.jpg,0,132,97,81,81,0.0,1
Zhang_Yimou\0\0.629.jpg,0,132,97,82,82,0.0,1
Zhang_Yimou\0\0.630.jpg,0,127,96,93,93,0.0,1
Zhang_Yimou\0\0.631.jpg,0,132,97,81,81,0.0,1
Zhang_Yimou\0\0.632.jpg,0,132,98,82,82,0.0,1
Zhang_Yimou\0\0.633.jpg,0,133,97,81,81,0.0,1
Zhang_Yimou\0\0.634.jpg,0,136,97,69,69,0.0,1
Zhang_Yimou\0\0.635.jpg,0,135,97,71,71,0.0,1
Zhang_Yimou\0\0.636.jpg,0,131,97,83,83,0.0,1
Zhang_Yimou\0\0.637.jpg,0,131,98,84,84,0.0,1
Zhang_Yimou\0\0.638.jpg,0,131,97,83,83,0.0,1
Zhang_Yimou\0\0.639.jpg,0,132,98,84,84,0.0,1
Zhang_Yimou\0\0.640.jpg,0,131,98,83,83,0.0,1
Zhang_Yimou\0\0.641.jpg,0,135,98,77,77,0.0,1
Zhang_Yimou\0\0.642.jpg,0,135,98,78,78,0.0,1
Zhang_Yimou\0\0.643.jpg,0,135,97,79,79,0.0,1
Zhang_Yimou\0\0.644.jpg,0,135,98,78,78,0.0,1
Zhang_Yimou\0\0.645.jpg,0,135,98,78,78,0.0,1
Zhang_Yimou\0\0.646.jpg,0,136,99,76,76,0.0,1
Zhang_Yimou\0\0.647.jpg,0,134,98,81,81,0.0,1
Zhang_Yimou\0\0.648.jpg,0,134,98,83,83,0.0,1
Zhang_Yimou\0\0.649.jpg,0,135,100,80,80,0.0,1
Zhang_Yimou\0\0.650.jpg,0,137,100,78,78,0.0,1
Zhang_Yimou\0\0.651.jpg,0,136,100,80,80,0.0,1
Zhang_Yimou\0\0.652.jpg,0,138,99,76,76,0.0,1
Zhang_Yimou\0\0.653.jpg,0,138,96,75,75,0.0,1
Zhang_Yimou\0\0.654.jpg,0,140,95,73,73,0.0,1
Zhang_Yimou\0\0.655.jpg,0,140,95,73,73,0.0,1
Zhang_Yimou\0\0.656.jpg,0,140,96,74,74,0.0,1
Zhang_Yimou\0\0.657.jpg,0,142,95,74,74,0.0,1
Zhang_Yimou\0\0.658.jpg,0,141,94,77,77,0.0,1
Zhang_Yimou\0\0.659.jpg,0,140,94,79,79,0.0,1
Zhang_Yimou\0\0.660.jpg,0,140,94,79,79,0.0,1
Zhang_Yimou\0\0.661.jpg,0,140,95,79,79,0.0,1
Zhang_Yimou\0\0.662.jpg,0,141,95,78,78,0.0,1
Zhang_Yimou\0\0.663.jpg,0,140,95,77,77,0.0,1
Zhang_Yimou\0\0.664.jpg,0,140,94,77,77,0.0,1
Zhang_Yimou\0\0.665.jpg,0,139,95,79,79,0.0,1
Zhang_Yimou\0\0.666.jpg,0,140,95,78,78,0.0,1
Zhang_Yimou\0\0.667.jpg,0,140,95,78,78,0.0,1
Zhang_Yimou\0\0.668.jpg,0,140,95,78,78,0.0,1
Zhang_Yimou\0\0.669.jpg,0,141,95,78,78,0.0,1
Zhang_Yimou\0\0.670.jpg,0,141,94,80,80,0.0,1
Zhang_Yimou\0\0.671.jpg,0,142,94,80,80,0.0,1
Zhang_Yimou\0\0.672.jpg,0,142,94,77,77,0.0,1
Zhang_Yimou\0\0.673.jpg,0,142,94,74,74,0.0,1
Zhang_Yimou\0\0.674.jpg,0,140,94,79,79,0.0,1
Zhang_Yimou\0\0.675.jpg,0,143,94,78,78,0.0,1
Zhang_Yimou\0\0.676.jpg,0,141,93,79,79,0.0,1
Zhang_Yimou\0\0.677.jpg,0,141,92,79,79,0.0,1
Zhang_Yimou\0\0.678.jpg,0,141,92,82,82,0.0,1
Zhang_Yimou\0\0.679.jpg,0,141,93,82,82,0.0,1
Zhang_Yimou\0\0.680.jpg,0,141,91,80,80,0.0,1
Zhang_Yimou\0\0.681.jpg,0,140,91,79,79,0.0,1
Zhang_Yimou\0\0.682.jpg,0,140,91,81,81,0.0,1
Zhang_Yimou\0\0.683.jpg,0,140,90,79,79,0.0,1
Zhang_Yimou\0\0.684.jpg,0,140,91,78,78,0.0,1
Zhang_Yimou\0\0.685.jpg,0,141,91,78,78,0.0,1
Zhang_Yimou\0\0.686.jpg,0,142,91,80,80,0.0,1
Zhang_Yimou\0\0.687.jpg,0,141,90,79,79,0.0,1
Zhang_Yimou\0\0.688.jpg,0,141,91,80,80,0.0,1
Zhang_Yimou\0\0.689.jpg,0,141,91,80,80,0.0,1
Zhang_Yimou\0\0.690.jpg,0,141,91,78,78,0.0,1
Zhang_Yimou\0\0.691.jpg,0,141,90,77,77,0.0,1
Zhang_Yimou\0\0.692.jpg,0,141,90,77,77,0.0,1
Zhang_Yimou\0\0.693.jpg,0,142,90,80,80,0.0,1
Zhang_Yimou\0\0.694.jpg,0,141,89,79,79,0.0,1
Zhang_Yimou\0\0.695.jpg,0,140,89,81,81,0.0,1
Zhang_Yimou\0\0.696.jpg,0,141,90,80,80,0.0,1
Zhang_Yimou\0\0.697.jpg,0,142,90,80,80,0.0,1
Zhang_Yimou\0\0.698.jpg,0,141,89,81,81,0.0,1
Zhang_Yimou\0\0.699.jpg,0,140,89,81,81,0.0,1
Zhang_Yimou\0\0.700.jpg,0,141,89,80,80,0.0,1
Zhang_Yimou\0\0.701.jpg,0,141,88,80,80,0.0,1
Zhang_Yimou\0\0.702.jpg,0,141,88,83,83,0.0,1
Zhang_Yimou\0\0.703.jpg,0,142,89,82,82,0.0,1
Zhang_Yimou\0\0.704.jpg,0,141,89,82,82,0.0,1
Zhang_Yimou\0\0.705.jpg,0,139,88,83,83,0.0,1
Zhang_Yimou\0\0.706.jpg,0,140,89,81,81,0.0,1
Zhang_Yimou\0\0.707.jpg,0,141,91,78,78,0.0,1
Zhang_Yimou\0\0.708.jpg,0,141,90,80,80,0.0,1
Zhang_Yimou\0\0.709.jpg,0,141,90,79,79,0.0,1
Zhang_Yimou\0\0.710.jpg,0,139,91,80,80,0.0,1
Zhang_Yimou\0\0.711.jpg,0,139,90,79,79,0.0,1
Zhang_Yimou\0\0.712.jpg,0,140,90,79,79,0.0,1
Zhang_Yimou\0\0.713.jpg,0,140,91,80,80,0.0,1
Zhang_Yimou\0\0.714.jpg,0,139,90,79,79,0.0,1
Zhang_Yimou\0\0.715.jpg,0,140,91,78,78,0.0,1
Zhang_Yimou\0\0.716.jpg,0,140,91,78,78,0.0,1
Zhang_Yimou\0\0.717.jpg,0,140,91,80,80,0.0,1
Zhang_Yimou\0\0.718.jpg,0,141,91,81,81,0.0,1
Zhang_Yimou\0\0.719.jpg,0,141,91,78,78,0.0,1
Zhang_Yimou\0\0.720.jpg,0,142,92,82,82,0.0,1
Zhang_Yimou\0\0.721.jpg,0,143,93,78,78,0.0,1
Zhang_Yimou\0\0.722.jpg,0,142,93,78,78,0.0,1
Zhang_Yimou\0\0.723.jpg,0,147,94,75,75,0.0,1
Zhang_Yimou\0\0.724.jpg,0,148,95,73,73,0.0,1
Zhang_Yimou\0\0.725.jpg,0,149,97,72,72,0.0,1
Zhang_Yimou\0\0.726.jpg,0,148,97,71,71,0.0,1
Zhang_Yimou\0\0.727.jpg,0,150,98,66,66,0.0,1
Zhang_Yimou\0\0.728.jpg,0,151,99,68,68,0.0,1
Zhang_Yimou\0\0.729.jpg,0,151,100,68,68,0.0,1
Zhang_Yimou\0\0.730.jpg,0,151,99,69,69,0.0,1
Zhang_Yimou\0\0.731.jpg,0,150,98,69,69,0.0,1
Zhang_Yimou\0\0.732.jpg,0,150,97,68,68,0.0,1
Zhang_Yimou\0\0.733.jpg,0,150,97,68,68,0.0,1
Zhang_Yimou\0\0.734.jpg,0,149,95,72,72,0.0,1
Zhang_Yimou\0\0.735.jpg,0,148,92,76,76,0.0,1
Zhang_Yimou\0\0.736.jpg,0,148,92,78,78,0.0,1
Zhang_Yimou\0\0.737.jpg,0,147,90,80,80,0.0,1
Zhang_Yimou\0\0.738.jpg,0,147,88,77,77,0.0,1
Zhang_Yimou\0\0.739.jpg,0,147,86,77,77,0.0,1
Zhang_Yimou\0\0.740.jpg,0,147,86,77,77,0.0,1
Zhang_Yimou\0\0.741.jpg,0,146,85,77,77,0.0,1
Zhang_Yimou\0\0.742.jpg,0,145,85,80,80,0.0,1
Zhang_Yimou\0\0.743.jpg,0,145,82,75,75,0.0,1
Zhang_Yimou\0\0.744.jpg,0,146,81,76,76,0.0,1
Zhang_Yimou\0\0.745.jpg,0,148,80,73,73,0.0,1
Zhang_Yimou\0\0.746.jpg,0,148,80,73,73,0.0,1
Zhang_Yimou\0\0.747.jpg,0,147,80,77,77,0.0,1
Zhang_Yimou\0\0.748.jpg,0,150,80,74,74,0.0,1
Zhang_Yimou\0\0.749.jpg,0,149,78,73,73,0.0,1
Zhang_Yimou\0\0.750.jpg,0,150,78,72,72,0.0,1
Zhang_Yimou\0\0.751.jpg,0,148,79,77,77,0.0,1
Zhang_Yimou\0\0.752.jpg,0,148,79,76,76,0.0,1
Zhang_Yimou\0\0.753.jpg,0,148,78,76,76,0.0,1
Zhang_Yimou\0\0.754.jpg,0,146,79,76,76,0.0,1
Zhang_Yimou\0\0.755.jpg,0,143,79,80,80,0.0,1
Zhang_Yimou\0\0.756.jpg,0,141,78,77,77,0.0,1
Zhang_Yimou\0\0.757.jpg,0,142,79,78,78,0.0,1
Zhang_Yimou\0\0.758.jpg,0,141,80,78,78,0.0,1
Zhang_Yimou\0\0.759.jpg,0,137,80,74,74,0.0,1
Zhang_Yimou\0\0.760.jpg,0,138,81,83,83,0.0,1
Zhang_Yimou\0\0.761.jpg,0,137,83,83,83,0.0,1
Zhang_Yimou\0\0.762.jpg,0,144,84,95,95,0.0,1
Zhang_Yimou\0\0.763.jpg,1,140,84,91,91,0.0,1
Zhang_Yimou\0\0.764.jpg,0,132,82,69,69,0.0,1
Zhang_Yimou\0\0.765.jpg,0,134,84,74,74,0.0,1
Zhang_Yimou\0\0.766.jpg,0,132,82,73,73,0.0,1
Zhang_Yimou\0\0.767.jpg,0,136,85,78,78,0.0,1
Zhang_Yimou\0\0.768.jpg,0,136,84,78,78,0.0,1
Zhang_Yimou\0\0.769.jpg,0,130,84,70,70,0.0,1
Zhang_Yimou\0\0.770.jpg,0,130,84,70,70,0.0,1
Zhang_Yimou\0\0.771.jpg,0,134,84,74,74,0.0,1
Zhang_Yimou\0\0.772.jpg,0,134,84,73,73,0.0,1
Zhang_Yimou\0\0.773.jpg,0,138,85,76,76,0.0,1
Zhang_Yimou\0\0.774.jpg,0,140,86,80,80,0.0,1
Zhang_Yimou\0\0.775.jpg,0,143,84,77,77,0.0,1
Zhang_Yimou\0\0.776.jpg,0,146,85,74,74,0.0,1
Zhang_Yimou\0\0.777.jpg,0,145,84,76,76,0.0,1
Zhang_Yimou\0\0.778.jpg,0,146,83,75,75,0.0,1
