Zhang_Ziyi\1\1.979.jpg,0,271,79,117,117,0.0,1
Zhang_Ziyi\1\1.980.jpg,0,272,78,117,117,0.0,1
Zhang_Ziyi\1\1.981.jpg,0,270,77,119,119,0.0,1
Zhang_Ziyi\1\1.982.jpg,0,270,79,120,120,0.0,1
Zhang_Ziyi\1\1.983.jpg,0,266,81,120,120,0.0,1
Zhang_Ziyi\1\1.984.jpg,0,265,83,120,120,0.0,1
Zhang_Ziyi\1\1.985.jpg,0,263,85,124,124,0.0,1
Zhang_Ziyi\1\1.986.jpg,0,261,85,123,123,0.0,1
Zhang_Ziyi\1\1.987.jpg,0,258,89,122,122,0.0,1
Zhang_Ziyi\1\1.988.jpg,0,260,89,125,125,0.0,1
Zhang_Ziyi\1\1.989.jpg,0,260,88,126,126,0.0,1
Zhang_Ziyi\1\1.990.jpg,0,259,87,126,126,0.0,1
Zhang_Ziyi\1\1.991.jpg,0,259,85,122,122,0.0,1
Zhang_Ziyi\1\1.992.jpg,0,259,86,125,125,0.0,1
Zhang_Ziyi\1\1.993.jpg,0,258,87,129,129,0.0,1
Zhang_Ziyi\1\1.994.jpg,0,258,88,126,126,0.0,1
Zhang_Ziyi\1\1.995.jpg,0,260,92,128,128,0.0,1
Zhang_Ziyi\1\1.996.jpg,0,259,91,124,124,0.0,1
Zhang_Ziyi\1\1.997.jpg,0,260,91,130,130,0.0,1
Zhang_Ziyi\1\1.998.jpg,0,259,90,130,130,0.0,1
Zhang_Ziyi\1\1.999.jpg,0,253,90,135,135,0.0,1
Zhang_Ziyi\1\1.1000.jpg,0,252,89,129,129,0.0,1
Zhang_Ziyi\1\1.1001.jpg,1,250,93,136,136,0.0,1
Zhang_Ziyi\1\1.1002.jpg,0,250,91,129,129,0.0,1
Zhang_Ziyi\1\1.1003.jpg,0,246,91,131,131,0.0,1
Zhang_Ziyi\1\1.1004.jpg,1,246,93,136,136,0.0,1
Zhang_Ziyi\1\1.1005.jpg,0,246,92,136,136,0.0,1
Zhang_Ziyi\1\1.1006.jpg,0,246,93,138,138,0.0,1
Zhang_Ziyi\1\1.1007.jpg,0,244,90,133,133,0.0,1
Zhang_Ziyi\1\1.1008.jpg,0,240,88,140,140,0.0,1
Zhang_Ziyi\1\1.1009.jpg,0,240,87,132,132,0.0,1
Zhang_Ziyi\1\1.1010.jpg,0,238,89,137,137,0.0,1
Zhang_Ziyi\1\1.1011.jpg,0,240,90,141,141,0.0,1
Zhang_Ziyi\1\1.1012.jpg,0,241,93,149,149,0.0,1
Zhang_Ziyi\1\1.1013.jpg,0,239,90,138,138,0.0,1
Zhang_Ziyi\1\1.1014.jpg,0,238,91,144,144,0.0,1
Zhang_Ziyi\1\1.1015.jpg,0,234,88,135,135,0.0,1
Zhang_Ziyi\1\1.1016.jpg,0,230,92,147,147,0.0,1
Zhang_Ziyi\1\1.1017.jpg,0,234,93,141,141,0.0,1
Zhang_Ziyi\1\1.1018.jpg,0,234,92,134,134,0.0,1
Zhang_Ziyi\1\1.1019.jpg,0,235,98,147,147,0.0,1
Zhang_Ziyi\1\1.1020.jpg,0,236,99,149,149,0.0,1
Zhang_Ziyi\1\1.1021.jpg,0,237,97,155,155,0.0,1
Zhang_Ziyi\1\1.1022.jpg,0,238,98,152,152,0.0,1
Zhang_Ziyi\1\1.1023.jpg,0,230,94,144,144,0.0,1
Zhang_Ziyi\1\1.1024.jpg,1,227,91,136,136,0.0,1
Zhang_Ziyi\1\1.1025.jpg,0,225,93,148,148,0.0,1
Zhang_Ziyi\1\1.1026.jpg,0,221,94,155,155,0.0,1
Zhang_Ziyi\1\1.1027.jpg,1,219,93,159,159,0.0,1
Zhang_Ziyi\1\1.1028.jpg,0,220,91,152,152,0.0,1
Zhang_Ziyi\1\1.1029.jpg,0,219,91,155,155,0.0,1
Zhang_Ziyi\1\1.1030.jpg,0,220,89,144,144,0.0,1
Zhang_Ziyi\1\1.1031.jpg,0,218,90,160,160,0.0,1
Zhang_Ziyi\1\1.1032.jpg,1,219,83,144,144,0.0,1
Zhang_Ziyi\1\1.1033.jpg,0,215,83,148,148,0.0,1
Zhang_Ziyi\1\1.1034.jpg,0,214,80,145,145,0.0,1
Zhang_Ziyi\1\1.1035.jpg,0,213,84,154,154,0.0,1
Zhang_Ziyi\1\1.1036.jpg,0,207,84,154,154,0.0,1
Zhang_Ziyi\1\1.1037.jpg,0,207,82,149,149,0.0,1
Zhang_Ziyi\1\1.1038.jpg,0,207,85,158,158,0.0,1
Zhang_Ziyi\1\1.1039.jpg,0,202,81,148,148,0.0,1
Zhang_Ziyi\1\1.1040.jpg,0,198,83,153,153,0.0,1
Zhang_Ziyi\1\1.1041.jpg,0,197,82,148,148,0.0,1
Zhang_Ziyi\1\1.1042.jpg,0,199,82,146,146,0.0,1
Zhang_Ziyi\1\1.1043.jpg,0,202,79,143,143,0.0,1
Zhang_Ziyi\1\1.1044.jpg,0,203,79,143,143,0.0,1
Zhang_Ziyi\1\1.1045.jpg,0,203,79,143,143,0.0,1
Zhang_Ziyi\1\1.1046.jpg,0,203,77,138,138,0.0,1
Zhang_Ziyi\1\1.1047.jpg,0,203,76,139,139,0.0,1
Zhang_Ziyi\1\1.1048.jpg,0,203,74,136,136,0.0,1
Zhang_Ziyi\1\1.1049.jpg,0,204,72,133,133,0.0,1
Zhang_Ziyi\1\1.1050.jpg,0,204,72,134,134,0.0,1
Zhang_Ziyi\1\1.1051.jpg,0,205,73,137,137,0.0,1
Zhang_Ziyi\1\1.1052.jpg,0,205,73,137,137,0.0,1
Zhang_Ziyi\1\1.1053.jpg,0,208,74,138,138,0.0,1
Zhang_Ziyi\1\1.1054.jpg,0,210,74,137,137,0.0,1
Zhang_Ziyi\1\1.1055.jpg,1,215,73,136,136,0.0,1
Zhang_Ziyi\2\2.116.jpg,0,189,106,75,75,0.0,1
Zhang_Ziyi\2\2.117.jpg,0,188,104,79,79,0.0,1
Zhang_Ziyi\2\2.118.jpg,0,188,106,75,75,0.0,1
Zhang_Ziyi\2\2.119.jpg,0,191,105,88,88,0.0,1
Zhang_Ziyi\2\2.120.jpg,0,190,104,83,83,0.0,1
Zhang_Ziyi\2\2.121.jpg,0,192,106,93,93,0.0,1
Zhang_Ziyi\2\2.122.jpg,0,191,106,89,89,0.0,1
Zhang_Ziyi\2\2.123.jpg,0,191,106,88,88,0.0,1
Zhang_Ziyi\2\2.124.jpg,0,191,106,86,86,0.0,1
Zhang_Ziyi\2\2.125.jpg,0,190,105,84,84,0.0,1
Zhang_Ziyi\2\2.126.jpg,0,191,106,88,88,0.0,1
Zhang_Ziyi\2\2.127.jpg,0,191,106,90,90,0.0,1
Zhang_Ziyi\2\2.128.jpg,0,191,106,88,88,0.0,1
Zhang_Ziyi\2\2.129.jpg,0,189,104,83,83,0.0,1
Zhang_Ziyi\2\2.130.jpg,0,189,105,85,85,0.0,1
Zhang_Ziyi\2\2.131.jpg,0,191,106,92,92,0.0,1
Zhang_Ziyi\2\2.132.jpg,0,189,103,79,79,0.0,1
Zhang_Ziyi\2\2.133.jpg,0,193,105,99,99,0.0,1
Zhang_Ziyi\2\2.134.jpg,0,193,107,92,92,0.0,1
Zhang_Ziyi\2\2.135.jpg,0,191,108,96,96,0.0,1
Zhang_Ziyi\2\2.136.jpg,0,192,106,100,100,0.0,1
Zhang_Ziyi\2\2.137.jpg,0,190,108,102,102,0.0,1
Zhang_Ziyi\2\2.138.jpg,0,194,107,107,107,0.0,1
Zhang_Ziyi\2\2.139.jpg,0,193,108,102,102,0.0,1
Zhang_Ziyi\2\2.140.jpg,0,194,107,109,109,0.0,1
Zhang_Ziyi\2\2.141.jpg,0,191,106,105,105,0.0,1
Zhang_Ziyi\2\2.142.jpg,0,194,106,107,107,0.0,1
Zhang_Ziyi\2\2.143.jpg,0,192,107,102,102,0.0,1
Zhang_Ziyi\2\2.144.jpg,0,190,106,96,96,0.0,1
Zhang_Ziyi\2\2.145.jpg,0,188,106,96,96,0.0,1
Zhang_Ziyi\2\2.146.jpg,0,189,104,93,93,0.0,1
Zhang_Ziyi\2\2.147.jpg,0,188,106,105,105,0.0,1
Zhang_Ziyi\2\2.148.jpg,0,189,107,113,113,0.0,1
Zhang_Ziyi\2\2.149.jpg,0,189,107,108,108,0.0,1
Zhang_Ziyi\2\2.150.jpg,0,189,107,110,110,0.0,1
Zhang_Ziyi\2\2.151.jpg,0,189,106,113,113,0.0,1
Zhang_Ziyi\2\2.152.jpg,0,189,107,114,114,0.0,1
Zhang_Ziyi\2\2.153.jpg,0,190,104,105,105,0.0,1
Zhang_Ziyi\2\2.154.jpg,0,189,105,113,113,0.0,1
Zhang_Ziyi\2\2.155.jpg,0,189,105,115,115,0.0,1
Zhang_Ziyi\2\2.156.jpg,0,191,105,115,115,0.0,1
Zhang_Ziyi\2\2.157.jpg,0,191,106,124,124,0.0,1
Zhang_Ziyi\2\2.158.jpg,0,190,106,124,124,0.0,1
Zhang_Ziyi\2\2.159.jpg,0,193,107,140,140,0.0,1
Zhang_Ziyi\2\2.160.jpg,0,194,107,136,136,0.0,1
Zhang_Ziyi\2\2.161.jpg,0,193,108,136,136,0.0,1
Zhang_Ziyi\2\2.162.jpg,1,190,108,129,129,0.0,1
Zhang_Ziyi\2\2.163.jpg,1,189,105,121,121,0.0,1
Zhang_Ziyi\2\2.164.jpg,1,190,109,138,138,0.0,1
Zhang_Ziyi\2\2.165.jpg,0,193,110,146,146,0.0,1
Zhang_Ziyi\2\2.166.jpg,0,187,106,131,131,0.0,1
Zhang_Ziyi\2\2.167.jpg,0,191,107,145,145,0.0,1
Zhang_Ziyi\2\2.168.jpg,0,190,106,143,143,0.0,1
Zhang_Ziyi\2\2.169.jpg,0,191,107,144,144,0.0,1
Zhang_Ziyi\2\2.170.jpg,0,189,107,143,143,0.0,1
Zhang_Ziyi\2\2.171.jpg,0,189,108,155,155,0.0,1
Zhang_Ziyi\2\2.172.jpg,0,192,103,140,140,0.0,1
Zhang_Ziyi\2\2.173.jpg,0,192,105,161,161,0.0,1
Zhang_Ziyi\2\2.174.jpg,0,191,104,146,146,0.0,1
Zhang_Ziyi\2\2.175.jpg,0,190,104,157,157,0.0,1
Zhang_Ziyi\2\2.176.jpg,0,192,103,152,152,0.0,1
Zhang_Ziyi\2\2.177.jpg,0,191,106,163,163,0.0,1
Zhang_Ziyi\2\2.178.jpg,0,191,106,163,163,0.0,1
Zhang_Ziyi\2\2.179.jpg,0,191,107,173,173,0.0,1
Zhang_Ziyi\2\2.180.jpg,0,190,102,163,163,0.0,1
Zhang_Ziyi\2\2.181.jpg,0,188,101,149,149,0.0,1
Zhang_Ziyi\2\2.182.jpg,0,190,102,157,157,0.0,1
Zhang_Ziyi\2\2.183.jpg,0,190,102,153,153,0.0,1
Zhang_Ziyi\2\2.184.jpg,0,189,103,160,160,0.0,1
Zhang_Ziyi\2\2.185.jpg,0,191,104,164,164,0.0,1
Zhang_Ziyi\2\2.186.jpg,0,189,103,160,160,0.0,1
Zhang_Ziyi\2\2.187.jpg,0,187,101,153,153,0.0,1
Zhang_Ziyi\2\2.188.jpg,0,189,102,158,158,0.0,1
Zhang_Ziyi\2\2.189.jpg,0,189,104,160,160,0.0,1
Zhang_Ziyi\2\2.190.jpg,0,189,103,159,159,0.0,1
Zhang_Ziyi\2\2.191.jpg,0,188,100,149,149,0.0,1
Zhang_Ziyi\2\2.192.jpg,0,188,102,149,149,0.0,1
Zhang_Ziyi\2\2.193.jpg,0,190,102,154,154,0.0,1
Zhang_Ziyi\2\2.194.jpg,0,189,101,153,153,0.0,1
Zhang_Ziyi\2\2.195.jpg,0,190,101,155,155,0.0,1
Zhang_Ziyi\2\2.196.jpg,0,191,101,155,155,0.0,1
Zhang_Ziyi\2\2.197.jpg,0,191,101,155,155,0.0,1
Zhang_Ziyi\2\2.198.jpg,0,190,103,155,155,0.0,1
Zhang_Ziyi\2\2.199.jpg,0,190,103,155,155,0.0,1
Zhang_Ziyi\2\2.200.jpg,0,190,103,155,155,0.0,1
Zhang_Ziyi\2\2.201.jpg,0,190,103,155,155,0.0,1
Zhang_Ziyi\2\2.202.jpg,0,190,103,155,155,0.0,1
Zhang_Ziyi\2\2.203.jpg,0,190,103,158,158,0.0,1
Zhang_Ziyi\2\2.204.jpg,0,190,103,151,151,0.0,1
Zhang_Ziyi\2\2.205.jpg,0,190,103,151,151,0.0,1
Zhang_Ziyi\2\2.206.jpg,0,190,103,152,152,0.0,1
Zhang_Ziyi\2\2.207.jpg,0,190,102,150,150,0.0,1
Zhang_Ziyi\2\2.208.jpg,0,189,97,139,139,0.0,1
Zhang_Ziyi\2\2.209.jpg,0,190,100,144,144,0.0,1
Zhang_Ziyi\2\2.210.jpg,0,190,99,146,146,0.0,1
Zhang_Ziyi\2\2.211.jpg,0,189,99,143,143,0.0,1
Zhang_Ziyi\2\2.212.jpg,0,188,100,150,150,0.0,1
Zhang_Ziyi\2\2.213.jpg,0,188,101,148,148,0.0,1
Zhang_Ziyi\2\2.214.jpg,0,190,100,156,156,0.0,1
Zhang_Ziyi\2\2.215.jpg,0,187,98,149,149,0.0,1
Zhang_Ziyi\2\2.216.jpg,0,189,102,157,157,0.0,1
Zhang_Ziyi\2\2.217.jpg,0,189,103,162,162,0.0,1
Zhang_Ziyi\2\2.218.jpg,0,187,98,155,155,0.0,1
Zhang_Ziyi\2\2.219.jpg,0,188,101,156,156,0.0,1
Zhang_Ziyi\2\2.220.jpg,0,188,100,150,150,0.0,1
Zhang_Ziyi\2\2.221.jpg,0,187,104,182,182,0.0,1
Zhang_Ziyi\4\4.1339.jpg,0,113,69,62,62,0.0,1
Zhang_Ziyi\4\4.1340.jpg,0,112,70,62,62,0.0,1
Zhang_Ziyi\4\4.1341.jpg,0,114,70,55,55,0.0,1
Zhang_Ziyi\4\4.1342.jpg,0,115,70,56,56,0.0,1
Zhang_Ziyi\4\4.1343.jpg,0,114,70,58,58,0.0,1
Zhang_Ziyi\4\4.1344.jpg,0,113,69,59,59,0.0,1
Zhang_Ziyi\4\4.1345.jpg,0,112,70,60,60,0.0,1
Zhang_Ziyi\4\4.1346.jpg,0,111,70,61,61,0.0,1
Zhang_Ziyi\4\4.1347.jpg,0,111,69,61,61,0.0,1
Zhang_Ziyi\4\4.1348.jpg,0,111,69,61,61,0.0,1
Zhang_Ziyi\4\4.1349.jpg,0,111,69,61,61,0.0,1
Zhang_Ziyi\4\4.1350.jpg,0,111,68,61,61,0.0,1
Zhang_Ziyi\4\4.1351.jpg,0,111,69,60,60,0.0,1
Zhang_Ziyi\4\4.1352.jpg,0,111,69,61,61,0.0,1
Zhang_Ziyi\4\4.1353.jpg,0,111,70,60,60,0.0,1
Zhang_Ziyi\4\4.1354.jpg,0,111,69,57,57,0.0,1
Zhang_Ziyi\4\4.1355.jpg,0,110,70,59,59,0.0,1
Zhang_Ziyi\4\4.1356.jpg,0,110,70,59,59,0.0,1
Zhang_Ziyi\4\4.1357.jpg,1,111,69,61,61,0.0,1
Zhang_Ziyi\4\4.1358.jpg,0,111,69,61,61,0.0,1
Zhang_Ziyi\4\4.1359.jpg,0,110,70,61,61,0.0,1
Zhang_Ziyi\4\4.1360.jpg,0,111,70,60,60,0.0,1
Zhang_Ziyi\4\4.1361.jpg,0,111,70,60,60,0.0,1
Zhang_Ziyi\4\4.1362.jpg,0,110,69,59,59,0.0,1
Zhang_Ziyi\4\4.1363.jpg,0,110,69,61,61,0.0,1
Zhang_Ziyi\4\4.1364.jpg,0,112,71,60,60,0.0,1
Zhang_Ziyi\4\4.1365.jpg,0,112,71,60,60,0.0,1
Zhang_Ziyi\4\4.1366.jpg,0,112,71,60,60,0.0,1
Zhang_Ziyi\4\4.1367.jpg,0,109,71,62,62,0.0,1
Zhang_Ziyi\4\4.1368.jpg,0,110,70,62,62,0.0,1
Zhang_Ziyi\4\4.1369.jpg,0,110,72,63,63,0.0,1
Zhang_Ziyi\4\4.1370.jpg,0,109,70,63,63,0.0,1
Zhang_Ziyi\4\4.1371.jpg,0,110,71,61,61,0.0,1
Zhang_Ziyi\4\4.1372.jpg,0,110,71,61,61,0.0,1
Zhang_Ziyi\4\4.1373.jpg,0,110,71,61,61,0.0,1
Zhang_Ziyi\4\4.1374.jpg,0,110,70,61,61,0.0,1
Zhang_Ziyi\4\4.1375.jpg,0,111,71,59,59,0.0,1
Zhang_Ziyi\4\4.1376.jpg,0,113,72,59,59,0.0,1
Zhang_Ziyi\4\4.1377.jpg,0,113,73,58,58,0.0,1
Zhang_Ziyi\4\4.1378.jpg,0,113,72,59,59,0.0,1
Zhang_Ziyi\4\4.1379.jpg,0,111,72,60,60,0.0,1
Zhang_Ziyi\4\4.1380.jpg,0,111,72,62,62,0.0,1
Zhang_Ziyi\4\4.1381.jpg,0,110,72,60,60,0.0,1
Zhang_Ziyi\4\4.1382.jpg,0,110,72,60,60,0.0,1
Zhang_Ziyi\4\4.1383.jpg,0,110,71,63,63,0.0,1
Zhang_Ziyi\4\4.1384.jpg,0,109,71,63,63,0.0,1
Zhang_Ziyi\4\4.1385.jpg,0,109,71,61,61,0.0,1
Zhang_Ziyi\4\4.1386.jpg,0,109,71,61,61,0.0,1
Zhang_Ziyi\4\4.1387.jpg,0,110,72,62,62,0.0,1
Zhang_Ziyi\4\4.1388.jpg,0,110,72,62,62,0.0,1
Zhang_Ziyi\4\4.1389.jpg,0,111,72,60,60,0.0,1
Zhang_Ziyi\4\4.1390.jpg,0,110,71,59,59,0.0,1
Zhang_Ziyi\4\4.1391.jpg,0,110,71,59,59,0.0,1
Zhang_Ziyi\4\4.1392.jpg,0,110,71,59,59,0.0,1
Zhang_Ziyi\4\4.1393.jpg,0,111,71,60,60,0.0,1
Zhang_Ziyi\4\4.1394.jpg,0,111,72,60,60,0.0,1
Zhang_Ziyi\4\4.1395.jpg,0,111,72,59,59,0.0,1
Zhang_Ziyi\4\4.1396.jpg,0,111,72,58,58,0.0,1
Zhang_Ziyi\4\4.1397.jpg,0,111,72,60,60,0.0,1
Zhang_Ziyi\4\4.1398.jpg,0,112,72,61,61,0.0,1
Zhang_Ziyi\4\4.1399.jpg,0,112,71,57,57,0.0,1
Zhang_Ziyi\4\4.1400.jpg,0,111,72,60,60,0.0,1
Zhang_Ziyi\4\4.1401.jpg,0,111,72,60,60,0.0,1
Zhang_Ziyi\4\4.1402.jpg,0,111,73,61,61,0.0,1
Zhang_Ziyi\4\4.1403.jpg,1,111,72,62,62,0.0,1
Zhang_Ziyi\4\4.1404.jpg,0,111,72,62,62,0.0,1
Zhang_Ziyi\4\4.1405.jpg,1,111,71,63,63,0.0,1
Zhang_Ziyi\4\4.1406.jpg,0,112,71,62,62,0.0,1
Zhang_Ziyi\4\4.1407.jpg,0,111,71,62,62,0.0,1
Zhang_Ziyi\4\4.1408.jpg,0,111,72,62,62,0.0,1
Zhang_Ziyi\4\4.1409.jpg,1,112,72,62,62,0.0,1
Zhang_Ziyi\4\4.1410.jpg,1,112,72,62,62,0.0,1
Zhang_Ziyi\4\4.1411.jpg,1,113,72,58,58,0.0,1
Zhang_Ziyi\4\4.1412.jpg,0,113,72,60,60,0.0,1
Zhang_Ziyi\4\4.1413.jpg,0,112,73,57,57,0.0,1
Zhang_Ziyi\4\4.1414.jpg,0,112,73,58,58,0.0,1
Zhang_Ziyi\4\4.1415.jpg,0,114,72,54,54,0.0,1
Zhang_Ziyi\4\4.1416.jpg,0,113,73,56,56,0.0,1
Zhang_Ziyi\4\4.1417.jpg,0,113,72,58,58,0.0,1
Zhang_Ziyi\4\4.1418.jpg,0,113,72,57,57,0.0,1
Zhang_Ziyi\4\4.1419.jpg,0,112,71,61,61,0.0,1
Zhang_Ziyi\4\4.1420.jpg,0,112,71,62,62,0.0,1
Zhang_Ziyi\4\4.1421.jpg,1,113,71,62,62,0.0,1
Zhang_Ziyi\4\4.1422.jpg,0,115,73,60,60,0.0,1
Zhang_Ziyi\4\4.1423.jpg,0,112,72,60,60,0.0,1
