Zhu_Rongji\0\0.561.jpg,0,165,92,72,72,0.0,1
Zhu_Rongji\0\0.562.jpg,0,165,92,72,72,0.0,1
Zhu_Rongji\0\0.563.jpg,0,166,93,74,74,0.0,1
Zhu_Rongji\0\0.564.jpg,1,166,93,74,74,0.0,1
Zhu_Rongji\0\0.565.jpg,0,166,93,74,74,0.0,1
Zhu_Rongji\0\0.566.jpg,0,166,93,75,75,0.0,1
Zhu_Rongji\0\0.567.jpg,0,166,93,75,75,0.0,1
Zhu_Rongji\0\0.568.jpg,0,166,92,75,75,0.0,1
Zhu_Rongji\0\0.569.jpg,0,167,93,74,74,0.0,1
Zhu_Rongji\0\0.570.jpg,0,167,93,74,74,0.0,1
Zhu_Rongji\0\0.571.jpg,0,167,93,76,76,0.0,1
Zhu_Rongji\0\0.572.jpg,1,166,93,74,74,0.0,1
Zhu_Rongji\0\0.573.jpg,0,166,93,74,74,0.0,1
Zhu_Rongji\0\0.574.jpg,0,167,93,74,74,0.0,1
Zhu_Rongji\0\0.575.jpg,0,167,93,74,74,0.0,1
Zhu_Rongji\0\0.576.jpg,0,166,92,75,75,0.0,1
Zhu_Rongji\0\0.577.jpg,0,167,92,75,75,0.0,1
Zhu_Rongji\0\0.578.jpg,0,167,92,75,75,0.0,1
Zhu_Rongji\0\0.579.jpg,0,167,92,76,76,0.0,1
Zhu_Rongji\0\0.580.jpg,0,166,92,75,75,0.0,1
Zhu_Rongji\0\0.581.jpg,0,166,92,75,75,0.0,1
Zhu_Rongji\0\0.582.jpg,0,166,92,75,75,0.0,1
Zhu_Rongji\0\0.583.jpg,0,166,92,75,75,0.0,1
Zhu_Rongji\0\0.584.jpg,0,166,92,75,75,0.0,1
Zhu_Rongji\0\0.585.jpg,0,167,93,76,76,0.0,1
Zhu_Rongji\0\0.586.jpg,0,167,93,76,76,0.0,1
Zhu_Rongji\0\0.587.jpg,0,167,93,76,76,0.0,1
Zhu_Rongji\0\0.588.jpg,0,167,92,75,75,0.0,1
Zhu_Rongji\0\0.589.jpg,0,167,92,75,75,0.0,1
Zhu_Rongji\0\0.590.jpg,0,167,93,76,76,0.0,1
Zhu_Rongji\0\0.591.jpg,0,167,93,76,76,0.0,1
Zhu_Rongji\0\0.592.jpg,1,165,92,79,79,0.0,1
Zhu_Rongji\0\0.593.jpg,0,164,92,79,79,0.0,1
Zhu_Rongji\0\0.594.jpg,0,164,92,79,79,0.0,1
Zhu_Rongji\0\0.595.jpg,0,164,92,78,78,0.0,1
Zhu_Rongji\0\0.596.jpg,0,154,92,77,77,0.0,1
Zhu_Rongji\0\0.597.jpg,0,154,92,77,77,0.0,1
Zhu_Rongji\0\0.598.jpg,0,154,92,77,77,0.0,1
Zhu_Rongji\0\0.599.jpg,0,154,92,77,77,0.0,1
Zhu_Rongji\0\0.600.jpg,0,152,92,77,77,0.0,1
Zhu_Rongji\0\0.601.jpg,0,149,94,80,80,0.0,1
Zhu_Rongji\0\0.602.jpg,0,149,94,80,80,0.0,1
Zhu_Rongji\0\0.603.jpg,0,149,94,81,81,0.0,1
Zhu_Rongji\0\0.604.jpg,0,146,96,79,79,0.0,1
Zhu_Rongji\0\0.605.jpg,0,146,96,79,79,0.0,1
Zhu_Rongji\0\0.606.jpg,0,141,97,75,75,0.0,1
Zhu_Rongji\0\0.607.jpg,0,141,97,75,75,0.0,1
Zhu_Rongji\0\0.608.jpg,0,141,97,77,77,0.0,1
Zhu_Rongji\0\0.609.jpg,0,141,97,78,78,0.0,1
Zhu_Rongji\0\0.610.jpg,0,141,97,78,78,0.0,1
Zhu_Rongji\0\0.611.jpg,0,141,97,80,80,0.0,1
Zhu_Rongji\0\0.612.jpg,0,140,97,81,81,0.0,1
Zhu_Rongji\0\0.613.jpg,0,140,97,81,81,0.0,1
Zhu_Rongji\0\0.614.jpg,0,140,97,79,79,0.0,1
Zhu_Rongji\0\0.615.jpg,0,140,97,79,79,0.0,1
Zhu_Rongji\0\0.616.jpg,0,139,98,77,77,0.0,1
Zhu_Rongji\0\0.617.jpg,0,139,99,76,76,0.0,1
Zhu_Rongji\0\0.618.jpg,0,139,99,76,76,0.0,1
Zhu_Rongji\0\0.619.jpg,0,139,98,76,76,0.0,1
Zhu_Rongji\0\0.620.jpg,0,138,99,76,76,0.0,1
Zhu_Rongji\0\0.621.jpg,0,138,99,76,76,0.0,1
Zhu_Rongji\0\0.622.jpg,0,141,98,79,79,0.0,1
Zhu_Rongji\0\0.623.jpg,0,141,98,79,79,0.0,1
Zhu_Rongji\0\0.624.jpg,0,142,99,78,78,0.0,1
Zhu_Rongji\0\0.625.jpg,0,142,98,77,77,0.0,1
Zhu_Rongji\0\0.626.jpg,0,142,98,77,77,0.0,1
Zhu_Rongji\0\0.627.jpg,0,142,99,76,76,0.0,1
Zhu_Rongji\0\0.628.jpg,0,144,96,74,74,0.0,1
Zhu_Rongji\0\0.629.jpg,0,144,96,74,74,0.0,1
Zhu_Rongji\0\0.630.jpg,0,143,95,75,75,0.0,1
Zhu_Rongji\0\0.631.jpg,0,143,95,75,75,0.0,1
Zhu_Rongji\0\0.632.jpg,0,143,96,75,75,0.0,1
Zhu_Rongji\0\0.633.jpg,0,147,95,75,75,0.0,1
Zhu_Rongji\0\0.634.jpg,0,147,95,75,75,0.0,1
Zhu_Rongji\0\0.635.jpg,0,149,96,75,75,0.0,1
Zhu_Rongji\0\0.636.jpg,0,148,97,77,77,0.0,1
Zhu_Rongji\0\0.637.jpg,0,148,97,77,77,0.0,1
Zhu_Rongji\0\0.638.jpg,0,150,100,75,75,0.0,1
Zhu_Rongji\0\0.639.jpg,0,150,100,75,75,0.0,1
Zhu_Rongji\0\0.640.jpg,0,150,100,75,75,0.0,1
Zhu_Rongji\0\0.641.jpg,0,149,100,75,75,0.0,1
Zhu_Rongji\0\0.642.jpg,0,149,100,75,75,0.0,1
Zhu_Rongji\0\0.643.jpg,0,152,105,70,70,0.0,1
Zhu_Rongji\0\0.644.jpg,0,151,100,76,76,0.0,1
Zhu_Rongji\0\0.645.jpg,0,151,100,76,76,0.0,1
Zhu_Rongji\0\0.646.jpg,0,151,99,76,76,0.0,1
Zhu_Rongji\0\0.647.jpg,0,151,99,76,76,0.0,1
Zhu_Rongji\0\0.648.jpg,0,152,100,76,76,0.0,1
Zhu_Rongji\0\0.649.jpg,0,152,97,76,76,0.0,1
Zhu_Rongji\0\0.650.jpg,0,152,97,76,76,0.0,1
Zhu_Rongji\0\0.651.jpg,0,152,97,77,77,0.0,1
Zhu_Rongji\0\0.652.jpg,0,152,97,77,77,0.0,1
Zhu_Rongji\0\0.653.jpg,0,152,97,77,77,0.0,1
Zhu_Rongji\0\0.654.jpg,0,153,97,79,79,0.0,1
Zhu_Rongji\0\0.655.jpg,0,153,97,79,79,0.0,1
Zhu_Rongji\0\0.656.jpg,0,153,97,77,77,0.0,1
Zhu_Rongji\0\0.657.jpg,0,153,96,77,77,0.0,1
Zhu_Rongji\0\0.658.jpg,0,153,96,77,77,0.0,1
Zhu_Rongji\0\0.659.jpg,0,156,98,76,76,0.0,1
Zhu_Rongji\0\0.660.jpg,0,155,97,76,76,0.0,1
Zhu_Rongji\0\0.661.jpg,0,155,97,76,76,0.0,1
Zhu_Rongji\0\0.662.jpg,1,154,97,77,77,0.0,1
Zhu_Rongji\0\0.663.jpg,1,154,97,77,77,0.0,1
Zhu_Rongji\0\0.664.jpg,0,155,96,75,75,0.0,1
Zhu_Rongji\0\0.665.jpg,0,155,96,76,76,0.0,1
Zhu_Rongji\0\0.666.jpg,0,155,96,76,76,0.0,1
Zhu_Rongji\0\0.667.jpg,0,155,96,76,76,0.0,1
Zhu_Rongji\0\0.668.jpg,0,153,97,74,74,0.0,1
Zhu_Rongji\0\0.669.jpg,0,153,97,74,74,0.0,1
Zhu_Rongji\0\0.670.jpg,1,153,96,75,75,0.0,1
Zhu_Rongji\0\0.671.jpg,1,153,96,75,75,0.0,1
Zhu_Rongji\0\0.672.jpg,0,153,95,74,74,0.0,1
Zhu_Rongji\0\0.673.jpg,0,150,98,76,76,0.0,1
Zhu_Rongji\0\0.674.jpg,0,150,98,76,76,0.0,1
Zhu_Rongji\0\0.675.jpg,0,150,98,75,75,0.0,1
Zhu_Rongji\0\0.676.jpg,0,152,100,74,74,0.0,1
Zhu_Rongji\0\0.677.jpg,0,152,100,74,74,0.0,1
Zhu_Rongji\0\0.678.jpg,0,155,106,78,78,0.0,1
Zhu_Rongji\0\0.679.jpg,0,155,106,78,78,0.0,1
Zhu_Rongji\0\0.680.jpg,0,155,105,77,77,0.0,1
Zhu_Rongji\0\0.681.jpg,0,155,106,78,78,0.0,1
Zhu_Rongji\0\0.682.jpg,0,155,106,78,78,0.0,1
Zhu_Rongji\0\0.683.jpg,0,157,107,82,82,0.0,1
Zhu_Rongji\0\0.684.jpg,0,158,107,80,80,0.0,1
Zhu_Rongji\0\0.685.jpg,0,158,107,80,80,0.0,1
Zhu_Rongji\0\0.686.jpg,0,157,108,82,82,0.0,1
Zhu_Rongji\0\0.687.jpg,0,157,108,82,82,0.0,1
Zhu_Rongji\0\0.688.jpg,0,159,107,82,82,0.0,1
Zhu_Rongji\0\0.689.jpg,0,159,106,78,78,0.0,1
Zhu_Rongji\0\0.690.jpg,0,159,106,78,78,0.0,1
Zhu_Rongji\0\0.691.jpg,1,157,105,85,85,0.0,1
Zhu_Rongji\0\0.692.jpg,1,159,103,83,83,0.0,1
Zhu_Rongji\0\0.693.jpg,0,159,103,83,83,0.0,1
Zhu_Rongji\0\0.694.jpg,0,162,102,77,77,0.0,1
Zhu_Rongji\0\0.695.jpg,0,162,102,77,77,0.0,1
Zhu_Rongji\0\0.696.jpg,1,162,102,80,80,0.0,1
Zhu_Rongji\0\0.697.jpg,0,162,101,79,79,0.0,1
Zhu_Rongji\0\0.698.jpg,0,162,101,79,79,0.0,1
Zhu_Rongji\0\0.699.jpg,0,161,100,78,78,0.0,1
Zhu_Rongji\0\0.700.jpg,0,162,101,77,77,0.0,1
Zhu_Rongji\0\0.701.jpg,0,162,101,77,77,0.0,1
Zhu_Rongji\0\0.702.jpg,0,163,100,77,77,0.0,1
Zhu_Rongji\0\0.703.jpg,0,163,100,77,77,0.0,1
Zhu_Rongji\0\0.704.jpg,1,162,100,76,76,0.0,1
Zhu_Rongji\0\0.705.jpg,0,163,101,75,75,0.0,1
Zhu_Rongji\0\0.706.jpg,0,163,101,75,75,0.0,1
Zhu_Rongji\0\0.707.jpg,0,163,101,74,74,0.0,1
Zhu_Rongji\0\0.708.jpg,0,163,101,75,75,0.0,1
Zhu_Rongji\0\0.709.jpg,0,163,101,75,75,0.0,1
Zhu_Rongji\0\0.710.jpg,0,163,101,74,74,0.0,1
Zhu_Rongji\0\0.711.jpg,0,163,101,74,74,0.0,1
Zhu_Rongji\0\0.712.jpg,0,164,102,74,74,0.0,1
Zhu_Rongji\0\0.713.jpg,0,164,102,74,74,0.0,1
Zhu_Rongji\0\0.714.jpg,0,164,102,74,74,0.0,1
Zhu_Rongji\0\0.715.jpg,0,163,101,72,72,0.0,1
Zhu_Rongji\0\0.716.jpg,0,164,102,72,72,0.0,1
Zhu_Rongji\0\0.717.jpg,0,164,102,72,72,0.0,1
Zhu_Rongji\0\0.718.jpg,1,164,102,72,72,0.0,1
Zhu_Rongji\0\0.719.jpg,0,164,102,72,72,0.0,1
Zhu_Rongji\0\0.720.jpg,0,163,101,75,75,0.0,1
Zhu_Rongji\0\0.721.jpg,0,163,101,73,73,0.0,1
Zhu_Rongji\0\0.722.jpg,0,163,101,73,73,0.0,1
Zhu_Rongji\0\0.723.jpg,0,163,101,73,73,0.0,1
Zhu_Rongji\0\0.724.jpg,0,163,101,75,75,0.0,1
Zhu_Rongji\0\0.725.jpg,0,163,101,75,75,0.0,1
Zhu_Rongji\0\0.726.jpg,0,164,101,74,74,0.0,1
Zhu_Rongji\0\0.727.jpg,0,164,101,74,74,0.0,1
Zhu_Rongji\0\0.728.jpg,0,163,101,73,73,0.0,1
Zhu_Rongji\0\0.729.jpg,0,164,101,72,72,0.0,1
Zhu_Rongji\0\0.730.jpg,0,164,101,72,72,0.0,1
Zhu_Rongji\0\0.731.jpg,0,164,100,72,72,0.0,1
Zhu_Rongji\0\0.732.jpg,0,163,99,73,73,0.0,1
Zhu_Rongji\0\0.733.jpg,0,163,99,73,73,0.0,1
Zhu_Rongji\0\0.734.jpg,0,162,97,69,69,0.0,1
Zhu_Rongji\0\0.735.jpg,0,162,97,69,69,0.0,1
Zhu_Rongji\0\0.736.jpg,0,162,99,71,71,0.0,1
Zhu_Rongji\0\0.737.jpg,0,161,101,69,69,0.0,1
Zhu_Rongji\0\0.738.jpg,0,161,101,69,69,0.0,1
Zhu_Rongji\0\0.739.jpg,0,160,101,69,69,0.0,1
Zhu_Rongji\0\0.740.jpg,1,156,103,80,80,0.0,1
Zhu_Rongji\0\0.741.jpg,1,156,103,80,80,0.0,1
Zhu_Rongji\0\0.742.jpg,0,155,101,79,79,0.0,1
Zhu_Rongji\0\0.743.jpg,0,155,101,79,79,0.0,1
Zhu_Rongji\0\0.744.jpg,0,155,102,76,76,0.0,1
Zhu_Rongji\0\0.745.jpg,2,150,102,79,79,0.0,1
Zhu_Rongji\0\0.746.jpg,0,150,102,79,79,0.0,1
Zhu_Rongji\0\0.747.jpg,0,151,103,80,80,0.0,1
Zhu_Rongji\0\0.748.jpg,0,149,103,77,77,0.0,1
Zhu_Rongji\0\0.749.jpg,0,149,103,77,77,0.0,1
Zhu_Rongji\0\0.750.jpg,1,149,103,82,82,0.0,1
Zhu_Rongji\0\0.751.jpg,1,149,103,82,82,0.0,1
Zhu_Rongji\0\0.752.jpg,0,147,101,81,81,0.0,1
Zhu_Rongji\0\0.753.jpg,0,147,101,81,81,0.0,1
Zhu_Rongji\0\0.754.jpg,0,147,101,81,81,0.0,1
Zhu_Rongji\0\0.755.jpg,0,143,101,76,76,0.0,1
Zhu_Rongji\0\0.756.jpg,0,144,101,76,76,0.0,1
Zhu_Rongji\0\0.757.jpg,0,144,101,76,76,0.0,1
Zhu_Rongji\0\0.758.jpg,0,141,101,77,77,0.0,1
Zhu_Rongji\0\0.759.jpg,1,141,101,77,77,0.0,1
Zhu_Rongji\0\0.760.jpg,0,143,103,78,78,0.0,1
Zhu_Rongji\0\0.761.jpg,0,141,102,77,77,0.0,1
Zhu_Rongji\0\0.762.jpg,0,141,102,77,77,0.0,1
Zhu_Rongji\0\0.763.jpg,0,143,101,79,79,0.0,1
Zhu_Rongji\0\0.764.jpg,0,143,100,77,77,0.0,1
Zhu_Rongji\0\0.765.jpg,0,143,100,77,77,0.0,1
Zhu_Rongji\0\0.766.jpg,0,144,97,77,77,0.0,1
Zhu_Rongji\0\0.767.jpg,0,144,97,77,77,0.0,1
Zhu_Rongji\0\0.768.jpg,0,144,97,77,77,0.0,1
Zhu_Rongji\0\0.769.jpg,0,144,96,79,79,0.0,1
Zhu_Rongji\0\0.770.jpg,0,144,96,79,79,0.0,1
Zhu_Rongji\0\0.771.jpg,1,144,96,79,79,0.0,1
Zhu_Rongji\0\0.772.jpg,1,144,95,78,78,0.0,1
Zhu_Rongji\0\0.773.jpg,1,144,95,78,78,0.0,1
Zhu_Rongji\0\0.774.jpg,0,144,95,76,76,0.0,1
Zhu_Rongji\0\0.775.jpg,0,144,95,76,76,0.0,1
Zhu_Rongji\0\0.776.jpg,0,144,95,76,76,0.0,1
Zhu_Rongji\0\0.777.jpg,0,144,97,78,78,0.0,1
Zhu_Rongji\0\0.778.jpg,1,144,97,78,78,0.0,1
Zhu_Rongji\0\0.779.jpg,0,142,96,77,77,0.0,1
Zhu_Rongji\0\0.780.jpg,0,143,101,76,76,0.0,1
Zhu_Rongji\0\0.781.jpg,0,143,101,76,76,0.0,1
Zhu_Rongji\0\0.782.jpg,0,142,100,75,75,0.0,1
Zhu_Rongji\0\0.783.jpg,0,142,100,75,75,0.0,1
Zhu_Rongji\0\0.784.jpg,0,143,102,78,78,0.0,1
Zhu_Rongji\0\0.785.jpg,0,142,102,77,77,0.0,1
Zhu_Rongji\0\0.786.jpg,0,142,102,77,77,0.0,1
Zhu_Rongji\0\0.787.jpg,0,141,99,74,74,0.0,1
Zhu_Rongji\0\0.788.jpg,0,140,95,73,73,0.0,1
Zhu_Rongji\0\0.789.jpg,0,140,95,73,73,0.0,1
Zhu_Rongji\0\0.790.jpg,0,141,96,74,74,0.0,1
Zhu_Rongji\0\0.791.jpg,0,141,96,74,74,0.0,1
Zhu_Rongji\0\0.792.jpg,0,142,96,77,77,0.0,1
Zhu_Rongji\0\0.793.jpg,1,147,97,77,77,0.0,1
Zhu_Rongji\0\0.794.jpg,2,147,97,77,77,0.0,1
Zhu_Rongji\0\0.795.jpg,1,151,97,78,78,0.0,1
Zhu_Rongji\0\0.796.jpg,1,152,97,78,78,0.0,1
Zhu_Rongji\0\0.797.jpg,1,152,97,78,78,0.0,1
Zhu_Rongji\0\0.798.jpg,1,154,99,76,76,0.0,1
Zhu_Rongji\0\0.799.jpg,1,154,99,76,76,0.0,1
Zhu_Rongji\0\0.800.jpg,2,155,98,77,77,0.0,1
Zhu_Rongji\0\0.801.jpg,0,157,105,76,76,0.0,1
Zhu_Rongji\0\0.802.jpg,0,157,105,76,76,0.0,1
Zhu_Rongji\1\1.431.jpg,3,165,102,88,88,0.0,1
Zhu_Rongji\1\1.432.jpg,2,165,102,88,88,0.0,1
Zhu_Rongji\1\1.433.jpg,0,164,101,86,86,0.0,1
Zhu_Rongji\1\1.434.jpg,1,164,101,86,86,0.0,1
Zhu_Rongji\1\1.435.jpg,0,164,100,83,83,0.0,1
Zhu_Rongji\1\1.436.jpg,0,165,106,84,84,0.0,1
Zhu_Rongji\1\1.437.jpg,0,165,106,84,84,0.0,1
Zhu_Rongji\1\1.438.jpg,0,165,105,86,86,0.0,1
Zhu_Rongji\1\1.439.jpg,0,166,106,84,84,0.0,1
Zhu_Rongji\1\1.440.jpg,0,166,106,84,84,0.0,1
Zhu_Rongji\1\1.441.jpg,0,165,106,84,84,0.0,1
Zhu_Rongji\1\1.442.jpg,0,165,106,84,84,0.0,1
Zhu_Rongji\1\1.443.jpg,1,165,106,85,85,0.0,1
Zhu_Rongji\1\1.444.jpg,0,167,108,86,86,0.0,1
Zhu_Rongji\1\1.445.jpg,0,167,108,86,86,0.0,1
Zhu_Rongji\1\1.446.jpg,0,167,108,86,86,0.0,1
Zhu_Rongji\1\1.447.jpg,0,167,106,83,83,0.0,1
Zhu_Rongji\1\1.448.jpg,0,167,106,83,83,0.0,1
Zhu_Rongji\1\1.449.jpg,0,168,105,85,85,0.0,1
Zhu_Rongji\1\1.450.jpg,0,168,105,85,85,0.0,1
Zhu_Rongji\1\1.451.jpg,0,167,106,85,85,0.0,1
Zhu_Rongji\1\1.452.jpg,0,168,106,84,84,0.0,1
Zhu_Rongji\1\1.453.jpg,0,168,106,84,84,0.0,1
Zhu_Rongji\1\1.454.jpg,0,168,108,86,86,0.0,1
Zhu_Rongji\1\1.455.jpg,0,168,108,83,83,0.0,1
Zhu_Rongji\1\1.456.jpg,0,168,108,83,83,0.0,1
Zhu_Rongji\1\1.457.jpg,1,168,109,83,83,0.0,1
Zhu_Rongji\1\1.458.jpg,0,168,109,83,83,0.0,1
Zhu_Rongji\1\1.459.jpg,0,169,111,82,82,0.0,1
Zhu_Rongji\1\1.460.jpg,0,168,111,81,81,0.0,1
Zhu_Rongji\1\1.461.jpg,0,168,111,81,81,0.0,1
Zhu_Rongji\1\1.462.jpg,0,168,112,82,82,0.0,1
Zhu_Rongji\1\1.463.jpg,0,168,111,84,84,0.0,1
Zhu_Rongji\1\1.464.jpg,0,168,111,84,84,0.0,1
Zhu_Rongji\1\1.465.jpg,1,167,112,84,84,0.0,1
Zhu_Rongji\1\1.466.jpg,0,167,112,84,84,0.0,1
Zhu_Rongji\1\1.467.jpg,1,167,111,86,86,0.0,1
Zhu_Rongji\1\1.468.jpg,0,166,110,86,86,0.0,1
Zhu_Rongji\1\1.469.jpg,0,166,110,86,86,0.0,1
Zhu_Rongji\1\1.470.jpg,0,166,111,86,86,0.0,1
Zhu_Rongji\1\1.471.jpg,0,166,110,85,85,0.0,1
Zhu_Rongji\1\1.472.jpg,0,166,110,85,85,0.0,1
Zhu_Rongji\1\1.473.jpg,1,168,111,84,84,0.0,1
Zhu_Rongji\1\1.474.jpg,0,168,111,84,84,0.0,1
Zhu_Rongji\1\1.475.jpg,0,167,110,85,85,0.0,1
Zhu_Rongji\1\1.476.jpg,0,168,111,84,84,0.0,1
Zhu_Rongji\1\1.477.jpg,0,168,111,84,84,0.0,1
Zhu_Rongji\1\1.478.jpg,1,168,110,84,84,0.0,1
Zhu_Rongji\1\1.479.jpg,0,165,115,81,81,0.0,1
Zhu_Rongji\1\1.480.jpg,0,165,115,81,81,0.0,1
Zhu_Rongji\1\1.481.jpg,0,167,116,84,84,0.0,1
Zhu_Rongji\1\1.482.jpg,0,167,116,84,84,0.0,1
